---------- Dataset: ./data/ch150.tsp - Number of vertices: 150 ----------
Branch and Bound:
Cost: 49424.05460307776
Solution: [  0 149 148 147 146 145 144 143 142 141 140 139 138 137 136 135 134 133
 132 131 130 129 128 127 126 125 124 123 122 121 120 119 118 117 116 115
 114 113 112 111 110 109 108 107 106 105 104 103 102 101 100  99  98  97
  96  95  94  93  92  91  90  89  88  87  86  85  84  83  82  81  80  79
  78  77  76  75  74  73  72  71  70  69  68  67  66  65  64  63  62  61
  60  59  58  57  56  55  54  53  52  51  50  49  48  47  46  45  44  43
  42  41  40  39  38  37  36  35  34  33  32  31  30  29  28  27  26  25
  24  23  22  21  20  19  18  17  16  15  14  13  11   1   5   8  10  12
   3   2   9   7   6   4   0]
Elapsed Time: 1800.00630569458 seconds

Twice Around the Tree:
Cost: 9202.462633963576
Solution: [0, 86, 75, 72, 47, 62, 29, 83, 6, 7, 88, 95, 34, 92, 123, 96, 99, 4, 106, 94, 81, 142, 125, 32, 91, 53, 45, 89, 137, 133, 104, 110, 15, 58, 14, 77, 78, 120, 87, 93, 9, 112, 2, 61, 148, 124, 21, 132, 76, 121, 13, 79, 71, 48, 146, 143, 128, 26, 30, 144, 111, 63, 135, 73, 12, 105, 90, 118, 67, 127, 44, 3, 103, 70, 43, 114, 149, 20, 122, 130, 31, 22, 37, 66, 42, 108, 50, 19, 24, 109, 46, 119, 41, 8, 5, 27, 36, 1, 18, 98, 113, 101, 138, 39, 52, 23, 11, 115, 100, 40, 56, 38, 116, 139, 117, 126, 68, 35, 60, 10, 147, 129, 59, 65, 16, 80, 28, 85, 134, 49, 57, 54, 64, 131, 140, 82, 55, 25, 74, 17, 141, 84, 145, 136, 69, 107, 51, 97, 33, 102, 0]
Elapsed Time: 0.2460341453552246 seconds

Christofides:
Cost: 9109.105236956155
Solution: [0, 86, 75, 72, 47, 62, 29, 83, 6, 7, 88, 95, 34, 92, 51, 125, 32, 91, 53, 45, 89, 137, 133, 76, 121, 13, 79, 71, 48, 146, 30, 26, 128, 143, 144, 111, 63, 135, 73, 12, 105, 90, 118, 67, 127, 44, 3, 103, 70, 43, 114, 149, 20, 77, 14, 58, 15, 110, 104, 132, 78, 120, 87, 93, 9, 112, 2, 61, 148, 124, 21, 23, 11, 115, 100, 40, 56, 38, 116, 139, 16, 65, 59, 129, 147, 10, 60, 35, 68, 126, 117, 52, 39, 138, 119, 41, 8, 5, 27, 36, 1, 18, 98, 113, 101, 107, 69, 134, 49, 57, 54, 64, 131, 136, 84, 141, 17, 74, 25, 55, 82, 140, 145, 85, 28, 80, 109, 19, 24, 50, 108, 42, 66, 31, 22, 37, 130, 46, 122, 123, 96, 99, 4, 106, 94, 81, 33, 97, 102, 142, 0]
Elapsed Time: 0.25519800186157227 seconds

----------------------------------------
