---------- Dataset: ./data/eil101.tsp - Number of vertices: 101 ----------
Branch and Bound:
Cost: 1923.1996850955236
Solution: [  0 100  99  98  97  96  95  94  93  92  91  90  89  88  87  86  85  84
  83  82  81  80  79  78  77  76  75  74  73  72  71  70  69  68  67  66
  65  64  63  62  61  60  59  58  57  56  55  54  53  52  51  50  49  48
  47  46  45  44  43  42  41  40  39  38  37  36  35  34  33  32  31  30
  29  28  27  26  25  24  23  22  21  20  19  18  17  16  15  14  13  12
   1   3  11   2   8   9  10   6   7   4   5   0]
Elapsed Time: 1800.0031354427338 seconds

Twice Around the Tree:
Cost: 886.1115549507533
Solution: [0, 49, 75, 76, 2, 78, 32, 80, 8, 50, 70, 34, 64, 77, 33, 67, 28, 23, 79, 11, 25, 39, 20, 72, 71, 73, 21, 40, 74, 55, 3, 22, 38, 66, 57, 12, 93, 5, 88, 94, 96, 86, 1, 56, 14, 42, 41, 91, 36, 97, 99, 58, 98, 4, 59, 17, 51, 82, 7, 44, 45, 81, 6, 87, 30, 69, 29, 19, 65, 61, 9, 89, 31, 62, 47, 46, 18, 10, 35, 48, 63, 83, 16, 92, 84, 60, 15, 43, 13, 37, 85, 90, 95, 52, 100, 26, 27, 53, 54, 24, 68, 0]
Elapsed Time: 0.08079695701599121 seconds

Christofides:
Cost: 946.7688306813619
Solution: [0, 49, 75, 76, 2, 78, 32, 80, 8, 50, 70, 34, 64, 65, 19, 29, 69, 30, 87, 6, 81, 7, 44, 16, 83, 4, 59, 17, 51, 88, 5, 93, 12, 57, 39, 20, 72, 71, 73, 21, 40, 74, 55, 3, 24, 54, 53, 79, 11, 25, 67, 28, 23, 33, 77, 22, 66, 38, 52, 100, 26, 27, 68, 94, 96, 86, 1, 56, 14, 42, 99, 36, 91, 58, 98, 92, 84, 60, 15, 43, 13, 37, 63, 48, 35, 46, 18, 10, 62, 89, 9, 61, 31, 45, 47, 85, 90, 95, 97, 41, 82, 0]
Elapsed Time: 0.07534122467041016 seconds

----------------------------------------
