---------- Dataset: ./data/pr124.tsp - Number of vertices: 124 ----------
Branch and Bound:
Cost: 98664.76154475556
Solution: [  0 123 122 121 120 119 118 117 116 115 114 113 112 111 110 109 108 107
 106 105 104 103 102 101 100  99  98  97  96  95  94  93  92  91  90  89
  88  87  86  85  84  83  82  81  80  79  78  77  76  75  74  73  72  71
  70  69  68  67  66  65  64  63  62  61  60  59  58  57  56  55  54  53
  52  51  50  49  48  47  46  45  44  43  42  41  40  39  38  37  36  35
  34  33  32  31  30  29  28  27  26  25  24  23  22  21  20  19  18  17
  16  15  14  13  12  11  10   9   8   6   5   4   3   2   1   7   0]
Elapsed Time: 1800.0043833255768 seconds

Twice Around the Tree:
Cost: 83644.799002589
Solution: [0, 1, 2, 3, 7, 6, 26, 27, 28, 34, 35, 58, 32, 33, 29, 30, 31, 5, 4, 60, 59, 57, 56, 55, 54, 36, 37, 23, 22, 20, 19, 18, 17, 44, 43, 42, 41, 40, 53, 51, 45, 16, 15, 8, 9, 46, 47, 48, 14, 13, 10, 11, 12, 49, 50, 52, 87, 86, 85, 84, 89, 90, 100, 88, 102, 101, 113, 112, 111, 110, 109, 108, 107, 103, 106, 105, 104, 21, 38, 39, 24, 25, 61, 65, 64, 63, 62, 67, 68, 69, 70, 71, 72, 73, 74, 75, 76, 77, 78, 79, 91, 92, 93, 94, 95, 96, 97, 98, 99, 123, 122, 121, 120, 119, 118, 117, 116, 115, 114, 66, 82, 81, 80, 83, 0]
Elapsed Time: 0.2881484031677246 seconds

Christofides:
Cost: 84229.64172118228
Solution: [0, 1, 2, 3, 4, 5, 31, 30, 29, 33, 32, 58, 35, 34, 28, 27, 26, 6, 7, 59, 57, 56, 55, 54, 36, 37, 23, 22, 20, 19, 18, 17, 44, 40, 41, 42, 43, 53, 51, 45, 16, 15, 8, 9, 12, 11, 10, 13, 14, 48, 47, 46, 49, 50, 52, 87, 86, 85, 84, 89, 90, 100, 114, 115, 116, 117, 118, 119, 120, 121, 122, 123, 99, 98, 97, 96, 95, 94, 93, 92, 91, 79, 78, 77, 76, 75, 74, 73, 72, 71, 70, 69, 68, 67, 63, 62, 64, 65, 61, 66, 82, 81, 80, 83, 88, 102, 101, 113, 112, 111, 110, 109, 108, 107, 103, 104, 105, 106, 21, 39, 38, 24, 25, 60, 0]
Elapsed Time: 0.27872681617736816 seconds

----------------------------------------
