---------- Dataset: ./data/rd100.tsp - Number of vertices: 100 ----------
Branch and Bound:
Cost: 46699.9728507678
Solution: [ 0 99 98 97 96 95 94 93 92 91 90 89 88 87 86 85 84 83 82 81 80 79 78 77
 76 75 74 73 72 71 70 69 68 67 66 65 64 63 62 61 60 59 58 57 56 55 54 53
 52 51 50 49 48 47 46 45 44 43 42 41 40 39 38 37 36 35 34 33 32 31 30 29
 28 27 26 25 24 23 22 21 20 19 18 17 16 15 14 13 11  8  3  2  9  5  1 10
  6  4 12  7  0]
Elapsed Time: 1800.003566980362 seconds

Twice Around the Tree:
Cost: 10467.190030397265
Solution: [0, 17, 61, 14, 62, 96, 66, 12, 85, 20, 48, 74, 3, 31, 77, 19, 73, 25, 8, 32, 2, 9, 26, 91, 49, 45, 18, 36, 27, 76, 58, 94, 92, 55, 72, 53, 37, 71, 16, 69, 78, 5, 52, 93, 97, 15, 44, 43, 28, 34, 99, 51, 65, 30, 83, 22, 1, 88, 87, 75, 57, 98, 46, 56, 35, 63, 81, 84, 11, 13, 86, 59, 7, 68, 89, 50, 64, 79, 47, 29, 80, 4, 21, 40, 33, 6, 39, 54, 38, 95, 41, 42, 23, 24, 60, 10, 90, 82, 67, 70, 0]
Elapsed Time: 0.14165568351745605 seconds

Christofides:
Cost: 11654.175724150004
Solution: [0, 17, 61, 14, 62, 96, 13, 84, 11, 81, 74, 3, 31, 77, 8, 25, 73, 19, 32, 2, 52, 5, 78, 9, 26, 91, 49, 45, 18, 36, 27, 76, 58, 94, 57, 75, 65, 30, 83, 22, 1, 88, 29, 47, 79, 64, 50, 67, 82, 89, 68, 7, 59, 70, 90, 63, 35, 56, 46, 98, 80, 4, 10, 60, 21, 40, 33, 6, 23, 42, 24, 41, 39, 54, 38, 95, 34, 28, 43, 44, 15, 97, 93, 51, 99, 87, 92, 55, 69, 71, 16, 37, 53, 72, 20, 48, 12, 66, 85, 86, 0]
Elapsed Time: 0.14676690101623535 seconds

----------------------------------------
