---------- Dataset: ./data/d198.tsp - Number of vertices: 198 ----------
Branch and Bound:
Cost: 22366.817047469416
Solution: [  0 197 196 195 194 193 192 191 190 189 188 187 186 185 184 183 182 181
 180 179 178 177 176 175 174 173 172 171 170 169 168 167 166 165 164 163
 162 161 160 159 158 157 156 155 154 153 152 151 150 149 148 147 146 145
 144 143 142 141 140 139 138 137 136 135 134 133 132 131 130 129 128 127
 126 125 124 123 122 121 120 119 118 117 116 115 114 113 112 111 110 109
 108 107 106 105 104 103 102 101 100  99  98  97  96  95  94  93  92  91
  90  89  88  87  86  85  84  83  82  81  80  79  78  77  76  75  74  73
  72  71  70  69  68  67  66  65  64  63  62  61  60  59  58  57  56  55
  54  53  52  51  50  49  48  47  46  45  44  43  42  41  40  39  38  37
  36  35  34  33  32  31  30  29  28  27  26  25  24  23  22  21  20  19
  18  17  16  15  14  13  12  11  10   9   8   7   4   3   2   5   6   1
   0]
Elapsed Time: 1800.0357728004456 seconds

Twice Around the Tree:
Cost: 19160.014757133264
Solution: [0, 1, 2, 3, 4, 7, 8, 9, 10, 11, 12, 40, 39, 14, 13, 15, 16, 56, 41, 42, 55, 54, 43, 59, 58, 67, 66, 69, 65, 60, 53, 44, 52, 45, 51, 46, 38, 33, 32, 29, 27, 26, 25, 24, 23, 20, 19, 18, 17, 21, 22, 28, 31, 30, 37, 36, 35, 34, 50, 49, 47, 48, 62, 63, 77, 76, 75, 80, 79, 78, 91, 90, 64, 61, 73, 82, 81, 74, 88, 89, 95, 94, 93, 92, 101, 102, 103, 104, 113, 112, 111, 105, 106, 110, 109, 108, 107, 166, 167, 119, 118, 117, 116, 115, 114, 121, 120, 122, 138, 123, 124, 125, 129, 128, 126, 127, 170, 171, 189, 188, 187, 182, 180, 176, 174, 173, 172, 175, 177, 178, 193, 194, 195, 196, 197, 179, 183, 184, 186, 185, 192, 191, 181, 190, 169, 130, 131, 133, 137, 139, 141, 146, 147, 152, 160, 159, 158, 157, 156, 155, 154, 153, 132, 134, 135, 140, 142, 145, 144, 143, 136, 149, 150, 162, 163, 164, 165, 148, 151, 161, 168, 100, 87, 97, 96, 72, 83, 86, 98, 71, 57, 68, 70, 84, 85, 99, 5, 6, 0]
Elapsed Time: 0.5546324253082275 seconds

Christofides:
Cost: 19495.656837712693
Solution: [0, 1, 2, 3, 4, 7, 8, 9, 10, 11, 12, 40, 39, 14, 13, 15, 16, 17, 18, 19, 20, 23, 21, 22, 28, 29, 27, 26, 25, 24, 31, 30, 37, 69, 65, 60, 53, 44, 52, 45, 51, 46, 38, 33, 32, 34, 50, 49, 47, 48, 62, 91, 78, 79, 77, 63, 76, 75, 80, 96, 97, 87, 82, 73, 81, 74, 88, 89, 95, 94, 93, 92, 101, 102, 103, 104, 113, 112, 111, 105, 106, 110, 109, 108, 107, 166, 167, 153, 154, 155, 156, 157, 158, 159, 160, 152, 147, 146, 141, 139, 133, 131, 130, 129, 125, 124, 123, 119, 117, 116, 115, 114, 121, 120, 118, 122, 138, 137, 168, 128, 126, 127, 170, 171, 189, 188, 187, 182, 176, 174, 173, 172, 181, 175, 177, 178, 193, 194, 195, 196, 197, 179, 183, 184, 186, 185, 192, 191, 180, 190, 169, 132, 134, 135, 136, 143, 144, 145, 142, 140, 148, 151, 161, 165, 164, 163, 162, 150, 149, 100, 90, 64, 61, 66, 67, 58, 59, 54, 43, 55, 42, 41, 56, 57, 68, 70, 84, 85, 99, 98, 86, 83, 72, 71, 35, 36, 5, 6, 0]
Elapsed Time: 0.5598204135894775 seconds

----------------------------------------
