---------- Dataset: ./data/gil262.tsp - Number of vertices: 262 ----------
Branch and Bound:
Cost: 25833.60550669745
Solution: [  0 261 260 259 258 257 256 255 254 253 252 251 250 249 248 247 246 245
 244 243 242 241 240 239 238 237 236 235 234 233 232 231 230 229 228 227
 226 225 224 223 222 221 220 219 218 217 216 215 214 213 212 211 210 209
 208 207 206 205 204 203 202 201 200 199 198 197 196 195 194 193 192 191
 190 189 188 187 186 185 184 183 182 181 180 179 178 177 176 175 174 173
 172 171 170 169 168 167 166 165 164 163 162 161 160 159 158 157 156 155
 154 153 152 151 150 149 148 147 146 145 144 143 142 141 140 139 138 137
 136 135 134 133 132 131 130 129 128 127 126 125 124 123 122 121 120 119
 118 117 116 115 114 113 112 111 110 109 108 107 106 105 104 103 102 101
 100  99  98  97  96  95  94  93  92  91  90  89  88  87  86  85  84  83
  82  81  80  79  78  77  76  75  74  73  72  71  70  69  68  67  66  65
  64  63  62  61  60  59  58  57  56  55  54  53  52  51  50  49  48  47
  46  45  44  43  42  41  40  39  38  37  36  35  34  33  32  31  30  29
  28  27  26  25  24  23  22  21  20  19  18  17  16  15  14  13  12   9
  10   8   1   7   2   5   6   3   4  11   0]
Elapsed Time: 1800.0225665569305 seconds

Twice Around the Tree:
Cost: 3340.8434989496354
Solution: [0, 228, 70, 30, 204, 138, 201, 230, 67, 141, 231, 69, 98, 208, 144, 99, 20, 137, 253, 32, 233, 185, 80, 3, 171, 139, 163, 6, 159, 245, 24, 140, 103, 73, 214, 125, 115, 207, 250, 198, 43, 21, 119, 22, 47, 127, 178, 160, 92, 45, 215, 62, 179, 151, 199, 90, 76, 49, 87, 150, 85, 148, 246, 93, 186, 44, 211, 173, 142, 13, 97, 116, 239, 106, 195, 235, 110, 251, 254, 91, 177, 209, 40, 109, 59, 157, 133, 158, 108, 19, 226, 28, 96, 131, 36, 164, 5, 242, 15, 83, 134, 117, 2, 122, 7, 111, 95, 72, 197, 203, 53, 17, 29, 136, 256, 123, 48, 11, 132, 4, 190, 261, 78, 18, 184, 71, 129, 128, 60, 89, 210, 220, 227, 52, 260, 26, 194, 1, 169, 147, 25, 8, 152, 247, 88, 166, 12, 120, 105, 188, 229, 57, 182, 35, 82, 205, 64, 216, 219, 149, 113, 252, 100, 192, 172, 206, 165, 212, 189, 145, 51, 218, 14, 101, 38, 37, 121, 222, 42, 224, 240, 10, 213, 56, 202, 130, 237, 9, 234, 81, 156, 248, 61, 236, 176, 68, 223, 162, 63, 124, 249, 241, 55, 255, 232, 175, 135, 225, 31, 66, 50, 77, 200, 244, 146, 258, 174, 46, 54, 16, 23, 39, 126, 167, 65, 102, 112, 79, 193, 196, 41, 74, 161, 58, 180, 168, 170, 221, 84, 104, 114, 107, 154, 75, 153, 86, 187, 94, 33, 181, 27, 155, 259, 238, 34, 183, 191, 143, 217, 118, 257, 243, 0]
Elapsed Time: 2.1741623878479004 seconds

Christofides:
Cost: 3777.4128690968423
Solution: [0, 228, 70, 30, 204, 210, 89, 60, 128, 129, 48, 11, 132, 4, 190, 261, 78, 18, 184, 71, 32, 253, 137, 20, 99, 144, 114, 208, 98, 69, 3, 80, 185, 171, 139, 163, 6, 159, 245, 24, 140, 103, 73, 214, 125, 115, 68, 176, 236, 61, 248, 156, 81, 223, 162, 63, 124, 192, 100, 252, 113, 147, 25, 8, 152, 247, 88, 166, 12, 65, 167, 46, 54, 16, 23, 39, 126, 146, 244, 200, 77, 31, 66, 50, 109, 40, 209, 177, 91, 254, 251, 110, 235, 22, 47, 127, 178, 160, 92, 45, 215, 62, 179, 151, 199, 90, 76, 49, 87, 150, 85, 148, 246, 211, 44, 186, 93, 173, 142, 13, 97, 116, 158, 133, 157, 59, 239, 106, 195, 119, 21, 43, 36, 164, 5, 242, 15, 83, 134, 117, 2, 122, 7, 111, 95, 72, 197, 53, 17, 29, 136, 256, 123, 227, 52, 64, 205, 82, 35, 182, 57, 229, 149, 219, 216, 203, 260, 26, 194, 1, 169, 172, 206, 165, 118, 217, 183, 143, 191, 238, 34, 259, 155, 27, 181, 94, 33, 187, 86, 153, 75, 154, 107, 243, 257, 212, 189, 145, 51, 218, 14, 101, 38, 37, 121, 222, 42, 224, 240, 10, 213, 56, 202, 130, 237, 9, 41, 196, 193, 79, 112, 102, 234, 241, 55, 255, 232, 175, 135, 225, 74, 161, 58, 180, 168, 170, 221, 84, 104, 131, 96, 28, 226, 19, 108, 198, 250, 207, 258, 174, 120, 105, 188, 249, 231, 141, 67, 230, 201, 138, 233, 220, 0]
Elapsed Time: 1.2768800258636475 seconds

----------------------------------------
