---------- Dataset: ./data/pr107.tsp - Number of vertices: 107 ----------
Branch and Bound:
Cost: 61580.911728126164
Solution: [  0 106 105 104 103 102 101 100  99  98  97  96  95  94  93  92  91  90
  89  88  87  86  85  84  83  82  81  80  79  78  77  76  75  74  73  72
  71  70  69  68  67  66  65  64  63  62  61  60  59  58  57  56  55  54
  53  52  51  50  49  48  47  46  45  44  43  42  41  40  39  38  37  36
  35  34  33  32  31  30  29  28  27  26  25  24  23  22  21  20  19  18
  17  16  15  14  12  13  10  11   7   9   8   6   4   1   5   2   3   0]
Elapsed Time: 1800.0037128925323 seconds

Twice Around the Tree:
Cost: 54238.03661175547
Solution: [0, 2, 3, 5, 4, 1, 6, 8, 9, 10, 7, 11, 12, 14, 15, 17, 16, 13, 18, 20, 21, 23, 22, 19, 24, 26, 27, 29, 28, 25, 30, 32, 33, 35, 34, 31, 36, 38, 39, 41, 40, 37, 43, 46, 47, 44, 42, 45, 48, 50, 51, 53, 52, 49, 62, 65, 63, 66, 67, 64, 68, 71, 70, 72, 61, 69, 73, 75, 60, 76, 77, 74, 78, 80, 59, 81, 82, 79, 83, 85, 58, 86, 87, 84, 88, 90, 57, 91, 92, 89, 93, 95, 56, 96, 97, 94, 99, 102, 101, 100, 55, 98, 103, 105, 54, 106, 104, 0]
Elapsed Time: 0.08457565307617188 seconds

Christofides:
Cost: 48891.34837571606
Solution: [0, 2, 3, 1, 4, 5, 6, 8, 9, 10, 7, 11, 12, 14, 15, 13, 16, 17, 18, 20, 21, 19, 22, 23, 24, 26, 27, 25, 28, 29, 30, 32, 33, 31, 34, 35, 36, 38, 39, 41, 40, 37, 43, 46, 47, 44, 42, 45, 48, 50, 51, 53, 52, 49, 104, 106, 105, 54, 103, 100, 55, 98, 101, 102, 99, 97, 94, 96, 95, 56, 93, 90, 57, 89, 92, 91, 88, 85, 58, 84, 87, 86, 83, 80, 59, 79, 82, 81, 78, 75, 60, 74, 77, 76, 73, 72, 61, 69, 70, 71, 68, 67, 64, 66, 65, 62, 63, 0]
Elapsed Time: 0.08869528770446777 seconds

----------------------------------------
