---------- Dataset: ./data/pr1002.tsp - Number of vertices: 1002 ----------
Branch and Bound:
Cost: 349019.8300106886
Solution: [   0 1001 1000 ...    4    1    0]
Elapsed Time: 1800.4491364955902 seconds

Twice Around the Tree:
Cost: 349155.57281333284
Solution: [0, 1, 4, 2, 3, 5, 69, 68, 67, 71, 55, 54, 53, 56, 52, 50, 49, 39, 38, 37, 36, 35, 34, 33, 32, 31, 23, 22, 21, 16, 15, 12, 13, 9, 8, 6, 7, 10, 11, 14, 20, 17, 18, 19, 24, 30, 29, 25, 28, 26, 27, 331, 332, 333, 40, 41, 42, 43, 44, 311, 310, 309, 308, 307, 306, 305, 304, 990, 296, 297, 299, 298, 283, 282, 281, 280, 279, 276, 277, 278, 300, 301, 302, 303, 112, 110, 109, 111, 113, 114, 115, 116, 118, 117, 105, 104, 103, 102, 101, 100, 99, 132, 133, 95, 94, 96, 97, 90, 91, 89, 88, 87, 77, 78, 74, 73, 75, 81, 79, 80, 82, 83, 85, 84, 86, 92, 76, 93, 98, 134, 135, 128, 127, 126, 124, 123, 122, 121, 119, 120, 256, 255, 254, 253, 252, 248, 249, 246, 244, 243, 242, 245, 261, 260, 259, 269, 265, 264, 228, 227, 226, 225, 224, 223, 222, 221, 219, 214, 213, 215, 211, 210, 216, 212, 218, 217, 220, 233, 232, 234, 235, 236, 189, 190, 191, 188, 187, 238, 237, 239, 240, 185, 241, 192, 193, 194, 186, 195, 201, 196, 197, 198, 199, 205, 203, 202, 204, 206, 207, 208, 209, 200, 263, 230, 231, 229, 262, 266, 267, 268, 270, 271, 272, 273, 274, 275, 468, 467, 466, 469, 470, 471, 475, 473, 472, 474, 476, 477, 478, 479, 480, 481, 482, 483, 491, 490, 489, 485, 484, 486, 487, 488, 499, 498, 497, 512, 511, 510, 509, 508, 507, 506, 501, 500, 502, 503, 505, 504, 998, 492, 493, 494, 495, 496, 997, 579, 577, 574, 572, 571, 570, 573, 589, 588, 587, 597, 593, 592, 556, 555, 554, 553, 552, 551, 550, 549, 547, 542, 541, 543, 539, 538, 544, 540, 546, 545, 548, 561, 560, 562, 563, 564, 517, 518, 519, 516, 515, 566, 565, 567, 568, 513, 569, 520, 521, 522, 514, 523, 529, 524, 525, 526, 527, 533, 531, 530, 532, 534, 535, 536, 537, 528, 591, 558, 559, 557, 590, 594, 595, 596, 598, 599, 600, 601, 602, 603, 796, 795, 794, 797, 798, 799, 803, 801, 800, 802, 804, 805, 806, 807, 808, 809, 810, 811, 819, 818, 817, 813, 812, 814, 815, 816, 827, 826, 825, 840, 839, 838, 837, 836, 835, 834, 829, 828, 830, 831, 833, 832, 1001, 820, 821, 822, 823, 824, 1000, 907, 905, 902, 900, 899, 898, 901, 917, 916, 915, 925, 921, 920, 884, 883, 882, 881, 880, 879, 878, 877, 875, 870, 869, 871, 867, 866, 872, 868, 874, 873, 876, 889, 888, 890, 891, 892, 845, 846, 847, 844, 843, 894, 893, 895, 896, 841, 897, 848, 849, 850, 842, 851, 857, 852, 853, 854, 855, 861, 859, 858, 860, 862, 863, 864, 865, 856, 919, 886, 887, 885, 918, 922, 923, 924, 926, 927, 928, 929, 930, 931, 903, 904, 908, 909, 910, 911, 912, 776, 775, 777, 778, 779, 759, 758, 757, 756, 755, 788, 789, 751, 750, 752, 753, 746, 747, 745, 744, 743, 733, 734, 730, 729, 731, 737, 735, 736, 738, 739, 741, 740, 742, 748, 732, 749, 754, 790, 791, 999, 762, 763, 764, 760, 761, 773, 771, 770, 769, 768, 766, 765, 767, 959, 958, 957, 956, 938, 937, 936, 935, 932, 933, 934, 939, 940, 941, 942, 943, 954, 955, 953, 952, 992, 960, 961, 962, 963, 964, 965, 966, 967, 700, 699, 698, 697, 696, 704, 705, 695, 694, 693, 692, 691, 690, 689, 688, 687, 679, 678, 677, 672, 671, 668, 669, 665, 664, 662, 663, 666, 667, 670, 676, 673, 674, 675, 680, 686, 685, 681, 684, 682, 683, 987, 988, 989, 706, 708, 707, 712, 710, 709, 711, 722, 727, 723, 724, 725, 728, 726, 713, 714, 720, 716, 715, 717, 719, 718, 721, 703, 702, 701, 972, 973, 974, 971, 968, 970, 969, 986, 985, 984, 983, 982, 980, 979, 981, 975, 977, 976, 949, 948, 946, 945, 944, 947, 950, 951, 978, 772, 774, 780, 781, 782, 783, 784, 785, 786, 787, 792, 793, 913, 914, 906, 575, 576, 580, 581, 582, 583, 584, 448, 447, 449, 450, 451, 431, 430, 429, 428, 427, 460, 461, 423, 422, 424, 425, 418, 419, 417, 416, 415, 405, 406, 402, 401, 403, 409, 407, 408, 410, 411, 413, 412, 414, 420, 404, 421, 426, 462, 463, 996, 434, 435, 436, 432, 433, 445, 443, 442, 441, 440, 438, 437, 439, 631, 630, 629, 628, 610, 609, 608, 607, 604, 605, 606, 611, 612, 613, 614, 615, 626, 627, 625, 624, 991, 632, 633, 634, 635, 636, 637, 638, 639, 372, 371, 370, 369, 368, 376, 377, 367, 366, 365, 364, 363, 362, 361, 360, 359, 351, 350, 349, 344, 343, 340, 341, 337, 336, 334, 335, 338, 339, 342, 348, 345, 346, 347, 352, 358, 357, 353, 356, 354, 355, 659, 660, 661, 378, 380, 379, 384, 382, 381, 383, 394, 399, 395, 396, 397, 400, 398, 385, 386, 392, 388, 387, 389, 391, 390, 393, 375, 374, 373, 644, 645, 646, 643, 640, 642, 641, 658, 657, 656, 655, 654, 652, 651, 653, 647, 649, 648, 621, 620, 618, 617, 616, 619, 622, 623, 650, 444, 446, 452, 453, 454, 455, 456, 457, 458, 459, 464, 465, 585, 586, 578, 247, 251, 250, 994, 149, 148, 143, 142, 141, 140, 139, 138, 147, 145, 144, 146, 150, 151, 152, 153, 154, 155, 163, 162, 161, 157, 156, 158, 159, 160, 171, 170, 169, 184, 183, 182, 181, 180, 179, 178, 173, 172, 174, 175, 177, 176, 995, 164, 165, 166, 167, 168, 257, 258, 125, 129, 130, 131, 136, 137, 993, 106, 107, 108, 284, 285, 286, 287, 316, 317, 318, 315, 312, 314, 313, 330, 329, 328, 327, 326, 324, 323, 325, 319, 321, 320, 293, 292, 290, 289, 288, 291, 294, 295, 322, 47, 46, 45, 48, 51, 57, 58, 64, 60, 59, 61, 63, 62, 65, 66, 72, 70, 0]
Elapsed Time: 88.83930826187134 seconds

Christofides:
Cost: 386751.3450755554
Solution: [0, 1, 4, 2, 3, 5, 69, 68, 67, 71, 55, 54, 53, 6, 8, 7, 9, 10, 11, 13, 12, 15, 14, 16, 21, 20, 17, 18, 19, 62, 63, 61, 60, 59, 64, 58, 57, 56, 52, 50, 49, 39, 38, 37, 36, 35, 34, 33, 32, 31, 23, 22, 24, 30, 29, 25, 28, 26, 27, 331, 332, 333, 108, 107, 106, 993, 102, 101, 100, 99, 132, 133, 94, 95, 96, 97, 90, 91, 89, 88, 87, 77, 78, 74, 73, 75, 76, 92, 93, 81, 79, 80, 83, 82, 84, 85, 86, 98, 134, 135, 137, 136, 131, 129, 128, 127, 126, 124, 123, 122, 121, 119, 120, 256, 255, 254, 253, 252, 248, 249, 242, 243, 244, 245, 261, 260, 259, 269, 272, 271, 270, 268, 267, 265, 264, 228, 227, 226, 225, 224, 223, 222, 221, 219, 214, 213, 215, 211, 210, 216, 212, 217, 218, 220, 233, 232, 234, 235, 236, 189, 190, 191, 188, 187, 193, 192, 194, 186, 195, 201, 185, 240, 239, 237, 238, 241, 196, 197, 198, 199, 205, 203, 202, 204, 206, 207, 208, 209, 537, 536, 535, 534, 533, 527, 526, 525, 524, 521, 515, 516, 519, 517, 518, 564, 563, 562, 561, 548, 547, 542, 541, 543, 539, 538, 544, 540, 545, 546, 549, 550, 551, 552, 553, 554, 555, 556, 592, 591, 558, 559, 557, 824, 823, 822, 821, 820, 810, 809, 808, 806, 805, 799, 798, 797, 796, 600, 597, 587, 588, 589, 572, 571, 570, 577, 574, 575, 576, 580, 581, 582, 583, 584, 448, 447, 449, 450, 451, 431, 430, 429, 428, 427, 460, 461, 422, 423, 424, 425, 418, 419, 417, 416, 415, 405, 406, 402, 401, 403, 404, 420, 421, 409, 407, 408, 411, 410, 412, 413, 414, 426, 462, 463, 465, 464, 459, 457, 456, 455, 454, 452, 453, 472, 473, 474, 475, 471, 470, 469, 468, 466, 467, 476, 477, 478, 479, 480, 481, 482, 483, 491, 490, 489, 485, 484, 486, 487, 488, 499, 498, 497, 503, 502, 501, 500, 506, 507, 508, 509, 510, 511, 512, 998, 504, 505, 492, 493, 494, 495, 496, 229, 231, 230, 263, 262, 997, 579, 578, 458, 996, 434, 435, 436, 381, 382, 383, 394, 399, 395, 396, 397, 334, 336, 335, 337, 338, 339, 341, 340, 343, 342, 344, 349, 348, 345, 346, 347, 390, 391, 389, 388, 387, 392, 386, 385, 384, 380, 378, 377, 367, 366, 365, 364, 363, 362, 361, 360, 359, 351, 350, 352, 358, 357, 353, 356, 354, 355, 659, 660, 661, 989, 988, 987, 683, 682, 684, 685, 681, 686, 680, 679, 677, 672, 671, 668, 669, 665, 664, 662, 725, 724, 723, 727, 711, 710, 709, 764, 763, 762, 999, 758, 757, 756, 755, 788, 789, 750, 751, 752, 753, 746, 747, 745, 744, 743, 733, 734, 730, 729, 731, 732, 748, 749, 737, 735, 736, 739, 738, 740, 741, 742, 754, 790, 791, 793, 792, 787, 785, 784, 783, 782, 780, 779, 759, 760, 761, 773, 771, 770, 769, 768, 766, 765, 767, 959, 958, 957, 956, 938, 937, 936, 935, 932, 931, 930, 929, 928, 927, 926, 924, 923, 921, 917, 900, 899, 898, 905, 902, 903, 904, 908, 909, 910, 911, 912, 776, 775, 777, 778, 913, 914, 907, 906, 1000, 901, 916, 915, 925, 885, 887, 886, 919, 918, 920, 884, 883, 882, 881, 880, 879, 878, 877, 875, 870, 869, 871, 867, 866, 872, 868, 873, 874, 876, 889, 888, 890, 891, 892, 845, 846, 847, 844, 843, 849, 848, 850, 842, 851, 857, 841, 896, 895, 893, 894, 897, 852, 853, 854, 855, 861, 859, 858, 860, 862, 863, 864, 865, 856, 922, 933, 934, 939, 940, 941, 942, 943, 944, 945, 946, 947, 948, 949, 976, 977, 975, 973, 966, 965, 964, 963, 962, 961, 960, 992, 952, 953, 955, 954, 967, 700, 699, 698, 697, 696, 704, 705, 695, 694, 693, 692, 691, 690, 689, 688, 687, 706, 708, 707, 712, 713, 714, 720, 716, 715, 717, 719, 718, 675, 674, 673, 676, 721, 703, 702, 701, 968, 971, 970, 969, 986, 985, 984, 983, 982, 981, 980, 979, 974, 972, 978, 950, 951, 772, 774, 781, 800, 801, 802, 803, 786, 722, 726, 728, 663, 666, 667, 670, 678, 368, 369, 370, 371, 372, 639, 638, 637, 636, 635, 634, 633, 632, 991, 624, 625, 627, 626, 611, 610, 609, 608, 607, 604, 603, 602, 601, 605, 606, 628, 629, 630, 631, 440, 438, 437, 439, 441, 442, 443, 444, 446, 445, 433, 432, 612, 613, 614, 615, 616, 617, 618, 619, 620, 621, 648, 649, 647, 645, 644, 646, 643, 640, 373, 374, 375, 642, 641, 658, 657, 656, 655, 654, 653, 652, 651, 650, 622, 623, 376, 379, 393, 398, 400, 585, 586, 573, 593, 594, 595, 596, 598, 599, 794, 795, 804, 807, 811, 819, 818, 817, 813, 812, 814, 815, 816, 827, 826, 825, 831, 830, 829, 828, 834, 835, 836, 837, 838, 839, 840, 1001, 832, 833, 590, 560, 520, 566, 565, 567, 568, 513, 529, 523, 522, 514, 569, 528, 531, 530, 532, 200, 266, 273, 274, 275, 276, 279, 277, 278, 280, 281, 282, 283, 284, 285, 286, 287, 288, 289, 290, 291, 292, 293, 320, 321, 319, 317, 310, 309, 308, 307, 306, 305, 304, 990, 296, 297, 299, 298, 311, 44, 43, 42, 41, 40, 48, 47, 46, 45, 312, 315, 314, 313, 330, 329, 328, 327, 326, 325, 324, 323, 318, 316, 322, 294, 295, 300, 301, 302, 303, 112, 110, 109, 111, 113, 114, 115, 116, 118, 117, 105, 104, 103, 246, 247, 251, 250, 994, 149, 143, 142, 141, 140, 139, 138, 168, 167, 166, 165, 164, 154, 153, 152, 150, 151, 155, 163, 162, 161, 157, 156, 158, 159, 160, 171, 170, 169, 175, 174, 173, 172, 178, 179, 180, 181, 182, 183, 184, 995, 176, 177, 147, 145, 144, 130, 146, 148, 257, 258, 125, 51, 65, 66, 70, 72, 0]
Elapsed Time: 87.52873420715332 seconds

----------------------------------------
