---------- Dataset: ./data/u574.tsp - Number of vertices: 574 ----------

574
Branch and Bound:
Cost: 40219.36733550321
Solution: [  0 573 572 571 570 569 568 567 566 565 564 563 562 561 560 559 558 557
 556 555 554 553 552 551 550 549 548 547 546 545 544 543 542 541 540 539
 538 537 536 535 534 533 532 531 530 529 528 527 526 525 524 523 522 521
 520 519 518 517 516 515 514 513 512 511 510 509 508 507 506 505 504 503
 502 501 500 499 498 497 496 495 494 493 492 491 490 489 488 487 486 485
 484 483 482 481 480 479 478 477 476 475 474 473 472 471 470 469 468 467
 466 465 464 463 462 461 460 459 458 457 456 455 454 453 452 451 450 449
 448 447 446 445 444 443 442 441 440 439 438 437 436 435 434 433 432 431
 430 429 428 427 426 425 424 423 422 421 420 419 418 417 416 415 414 413
 412 411 410 409 408 407 406 405 404 403 402 401 400 399 398 397 396 395
 394 393 392 391 390 389 388 387 386 385 384 383 382 381 380 379 378 377
 376 375 374 373 372 371 370 369 368 367 366 365 364 363 362 361 360 359
 358 357 356 355 354 353 352 351 350 349 348 347 346 345 344 343 342 341
 340 339 338 337 336 335 334 333 332 331 330 329 328 327 326 325 324 323
 322 321 320 319 318 317 316 315 314 313 312 311 310 309 308 307 306 305
 304 303 302 301 300 299 298 297 296 295 294 293 292 291 290 289 288 287
 286 285 284 283 282 281 280 279 278 277 276 275 274 273 272 271 270 269
 268 267 266 265 264 263 262 261 260 259 258 257 256 255 254 253 252 251
 250 249 248 247 246 245 244 243 242 241 240 239 238 237 236 235 234 233
 232 231 230 229 228 227 226 225 224 223 222 221 220 219 218 217 216 215
 214 213 212 211 210 209 208 207 206 205 204 203 202 201 200 199 198 197
 196 195 194 193 192 191 190 189 188 187 186 185 184 183 182 181 180 179
 178 177 176 175 174 173 172 171 170 169 168 167 166 165 164 163 162 161
 160 159 158 157 156 155 154 153 152 151 150 149 148 147 146 145 144 143
 142 141 140 139 138 137 136 135 134 133 132 131 130 129 128 127 126 125
 124 123 122 121 120 119 118 117 116 115 114 113 112 111 110 109 108 107
 106 105 104 103 102 101 100  99  98  97  96  95  94  93  92  91  90  89
  88  87  86  85  84  83  82  81  80  79  78  77  76  75  74  73  72  71
  70  69  68  67  66  65  64  63  62  61  60  59  58  57  56  55  54  53
  52  51  50  49  48  47  46  45  44  43  42  41  40  39  38  37  36  35
  34  33  32  31  30  29  28  27  26  25  24  23  22  21  20  19  18  17
  16  15  14  13  12  11  10   9   8   7   6   5   4   3   2   1   0]
Elapsed Time: 1800.0901408195496 seconds

Twice Around the Tree:
Cost: 49883.93677835718
Solution: [0, 568, 567, 566, 565, 1, 2, 3, 47, 48, 49, 46, 45, 44, 43, 50, 51, 52, 53, 54, 56, 55, 79, 40, 39, 38, 37, 36, 35, 41, 42, 80, 78, 81, 82, 83, 85, 84, 109, 108, 88, 87, 28, 27, 29, 26, 25, 24, 23, 22, 21, 20, 17, 16, 15, 14, 221, 220, 219, 19, 18, 31, 30, 33, 32, 34, 218, 217, 216, 215, 214, 211, 213, 212, 165, 166, 174, 175, 172, 171, 170, 169, 168, 167, 152, 155, 156, 157, 158, 159, 161, 160, 162, 154, 153, 163, 173, 176, 177, 178, 179, 180, 181, 182, 183, 184, 185, 186, 187, 208, 207, 231, 232, 233, 230, 228, 227, 226, 225, 224, 223, 222, 240, 229, 234, 235, 236, 239, 238, 205, 204, 203, 242, 241, 243, 244, 245, 202, 246, 201, 247, 248, 200, 199, 198, 197, 196, 194, 193, 189, 188, 192, 190, 191, 195, 249, 250, 252, 251, 253, 518, 517, 516, 515, 514, 473, 469, 466, 465, 464, 463, 462, 459, 457, 458, 456, 460, 395, 396, 394, 255, 254, 256, 257, 260, 259, 258, 390, 391, 392, 393, 397, 398, 399, 400, 448, 447, 442, 441, 443, 444, 440, 445, 432, 431, 430, 429, 433, 434, 435, 439, 436, 437, 438, 446, 449, 455, 450, 451, 452, 454, 453, 401, 402, 403, 415, 414, 413, 412, 411, 357, 355, 356, 358, 359, 352, 353, 354, 360, 361, 362, 363, 351, 364, 365, 349, 350, 348, 347, 366, 367, 368, 346, 345, 344, 369, 370, 340, 339, 338, 337, 371, 372, 373, 374, 377, 379, 378, 333, 332, 268, 331, 334, 330, 335, 336, 380, 381, 384, 383, 382, 385, 386, 387, 265, 266, 267, 388, 264, 263, 272, 271, 270, 269, 273, 274, 275, 276, 277, 262, 261, 278, 279, 280, 389, 341, 342, 343, 375, 376, 410, 409, 404, 408, 407, 406, 405, 416, 417, 419, 418, 420, 421, 422, 423, 424, 425, 426, 427, 428, 461, 468, 467, 470, 471, 472, 475, 474, 476, 477, 478, 479, 480, 481, 482, 483, 484, 485, 486, 487, 488, 489, 491, 490, 492, 493, 494, 495, 496, 497, 498, 499, 500, 501, 502, 504, 503, 506, 505, 507, 508, 509, 511, 510, 513, 512, 520, 519, 521, 522, 523, 524, 527, 526, 525, 530, 529, 528, 535, 536, 537, 538, 539, 541, 540, 542, 543, 544, 13, 547, 546, 545, 12, 11, 549, 550, 551, 552, 553, 554, 555, 556, 559, 558, 557, 6, 5, 4, 562, 561, 560, 7, 8, 9, 10, 548, 531, 532, 534, 533, 206, 237, 284, 285, 286, 287, 288, 289, 290, 291, 292, 293, 294, 295, 296, 297, 298, 304, 305, 303, 302, 301, 300, 299, 310, 309, 311, 308, 312, 313, 314, 315, 316, 317, 318, 319, 320, 321, 322, 325, 324, 323, 327, 328, 329, 326, 306, 307, 281, 282, 283, 209, 210, 164, 86, 89, 90, 91, 92, 93, 107, 106, 104, 105, 103, 94, 102, 101, 100, 98, 121, 118, 117, 113, 112, 111, 110, 116, 115, 114, 73, 72, 71, 62, 61, 60, 63, 70, 68, 67, 66, 65, 64, 126, 127, 128, 129, 69, 125, 124, 123, 131, 132, 130, 74, 75, 59, 58, 76, 77, 119, 122, 97, 96, 120, 99, 95, 138, 137, 136, 135, 134, 133, 139, 140, 141, 142, 143, 144, 145, 146, 147, 148, 149, 151, 150, 57, 564, 563, 569, 573, 572, 571, 570, 0]
Elapsed Time: 17.264132022857666 seconds

Christofides:
Cost: 57471.55490190028
Solution: [0, 568, 567, 566, 565, 1, 2, 3, 47, 48, 49, 43, 44, 45, 46, 50, 51, 52, 53, 54, 56, 55, 79, 40, 39, 38, 37, 36, 35, 86, 87, 28, 27, 29, 26, 25, 24, 23, 22, 21, 18, 19, 17, 16, 15, 14, 221, 220, 219, 222, 223, 224, 225, 226, 227, 228, 229, 230, 233, 184, 183, 182, 181, 180, 177, 176, 175, 172, 171, 170, 169, 168, 167, 152, 155, 156, 157, 158, 159, 161, 160, 162, 154, 153, 163, 93, 92, 91, 90, 89, 88, 108, 107, 106, 104, 105, 103, 94, 102, 101, 100, 96, 97, 122, 118, 117, 113, 112, 111, 110, 116, 115, 114, 73, 72, 71, 62, 61, 60, 58, 59, 75, 74, 76, 77, 63, 70, 68, 67, 66, 65, 64, 126, 127, 128, 129, 150, 148, 147, 146, 145, 143, 142, 141, 140, 139, 137, 133, 134, 135, 136, 138, 95, 99, 144, 149, 151, 69, 125, 124, 123, 131, 132, 130, 119, 121, 98, 120, 109, 84, 85, 83, 82, 81, 80, 78, 570, 571, 572, 573, 173, 174, 165, 166, 212, 213, 214, 211, 215, 216, 217, 218, 210, 209, 178, 179, 284, 285, 286, 287, 288, 289, 290, 291, 292, 293, 294, 295, 296, 297, 298, 272, 263, 264, 388, 387, 265, 266, 267, 389, 386, 385, 383, 382, 384, 381, 380, 379, 376, 375, 365, 349, 350, 348, 347, 354, 353, 352, 359, 358, 357, 355, 356, 411, 412, 413, 414, 415, 403, 402, 401, 399, 398, 397, 396, 394, 255, 254, 256, 257, 260, 258, 259, 390, 391, 392, 393, 405, 406, 407, 408, 409, 404, 410, 395, 460, 459, 457, 458, 456, 197, 196, 194, 193, 189, 188, 280, 279, 278, 276, 261, 262, 277, 275, 274, 273, 191, 190, 192, 195, 198, 199, 200, 248, 247, 201, 246, 245, 202, 243, 242, 203, 204, 205, 206, 237, 238, 239, 236, 234, 235, 241, 244, 520, 519, 521, 522, 523, 524, 527, 526, 525, 533, 534, 532, 531, 530, 529, 528, 535, 536, 537, 538, 539, 541, 540, 542, 543, 544, 13, 547, 546, 545, 12, 11, 10, 9, 8, 7, 6, 5, 4, 562, 561, 560, 557, 555, 554, 553, 552, 550, 549, 551, 556, 559, 558, 32, 33, 30, 31, 34, 548, 518, 517, 516, 515, 514, 473, 469, 466, 465, 464, 463, 462, 467, 468, 470, 471, 484, 483, 482, 481, 480, 479, 478, 477, 476, 513, 512, 510, 511, 509, 508, 507, 505, 506, 496, 497, 498, 499, 500, 501, 502, 504, 503, 343, 342, 340, 339, 338, 337, 371, 372, 373, 374, 377, 341, 336, 335, 334, 330, 326, 329, 328, 327, 325, 322, 320, 319, 317, 316, 315, 314, 313, 312, 311, 308, 309, 310, 299, 300, 301, 302, 303, 305, 304, 306, 307, 281, 282, 283, 187, 186, 185, 318, 321, 323, 324, 331, 332, 268, 269, 270, 271, 333, 378, 370, 369, 344, 345, 346, 368, 367, 366, 485, 486, 487, 488, 489, 491, 490, 495, 494, 493, 492, 472, 475, 474, 253, 251, 252, 250, 249, 461, 400, 448, 447, 442, 441, 443, 444, 432, 431, 430, 429, 423, 422, 421, 420, 419, 417, 416, 424, 425, 426, 427, 428, 438, 437, 436, 439, 435, 434, 433, 418, 445, 440, 452, 451, 450, 453, 454, 455, 449, 446, 360, 361, 362, 363, 351, 364, 208, 207, 231, 232, 240, 20, 164, 41, 42, 57, 563, 564, 569, 0]
Elapsed Time: 17.254652500152588 seconds