---------- Dataset: ./data/eil51.tsp - Number of vertices: 51 ----------
Branch and Bound:
Cost: 1208.454024763653
Solution: [ 0 50 49 48 47 46 45 44 43 42 41 40 39 38 37 36 35 34 33 32 31 30 29 28
 27 26 25 24 23 22 21 20 19 18 17 16 15 14 11 10  8  9  4  3 12 13  5  6
  7  2  1  0]
Elapsed Time: 1800.001255273819 seconds

Twice Around the Tree:
Cost: 623.9475873228789
Solution: [0, 21, 26, 47, 5, 13, 24, 7, 25, 30, 27, 2, 19, 34, 35, 22, 6, 42, 23, 50, 45, 11, 46, 3, 16, 36, 14, 43, 41, 18, 39, 40, 12, 44, 32, 17, 31, 10, 37, 4, 8, 48, 9, 38, 49, 15, 1, 20, 28, 33, 29, 0]
Elapsed Time: 0.011529207229614258 seconds

Christofides:
Cost: 524.9709794695316
Solution: [0, 21, 26, 42, 6, 22, 23, 47, 5, 13, 24, 12, 40, 18, 39, 41, 43, 14, 32, 44, 36, 16, 3, 17, 46, 11, 45, 50, 7, 25, 30, 27, 2, 19, 34, 35, 38, 9, 48, 8, 29, 33, 49, 15, 1, 28, 20, 37, 4, 10, 31, 0]
Elapsed Time: 0.011078596115112305 seconds

----------------------------------------
