---------- Dataset: ./data/p654.tsp - Number of vertices: 654 ----------
Branch and Bound:
Cost: 107721.99750469785
Solution: [  0 653 652 651 650 649 648 647 646 645 644 643 642 641 640 639 638 637
 636 635 634 633 632 631 630 629 628 627 626 625 624 623 622 621 620 619
 618 617 616 615 614 613 612 611 610 609 608 607 606 605 604 603 602 601
 600 599 598 597 596 595 594 593 592 591 590 589 588 587 586 585 584 583
 582 581 580 579 578 577 576 575 574 573 572 571 570 569 568 567 566 565
 564 563 562 561 560 559 558 557 556 555 554 553 552 551 550 549 548 547
 546 545 544 543 542 541 540 539 538 537 536 535 534 533 532 531 530 529
 528 527 526 525 524 523 522 521 520 519 518 517 516 515 514 513 512 511
 510 509 508 507 506 505 504 503 502 501 500 499 498 497 496 495 494 493
 492 491 490 489 488 487 486 485 484 483 482 481 480 479 478 477 476 475
 474 473 472 471 470 469 468 467 466 465 464 463 462 461 460 459 458 457
 456 455 454 453 452 451 450 449 448 447 446 445 444 443 442 441 440 439
 438 437 436 435 434 433 432 431 430 429 428 427 426 425 424 423 422 421
 420 419 418 417 416 415 414 413 412 411 410 409 408 407 406 405 404 403
 402 401 400 399 398 397 396 395 394 393 392 391 390 389 388 387 386 385
 384 383 382 381 380 379 378 377 376 375 374 373 372 371 370 369 368 367
 366 365 364 363 362 361 360 359 358 357 356 355 354 353 352 351 350 349
 348 347 346 345 344 343 342 341 340 339 338 337 336 335 334 333 332 331
 330 329 328 327 326 325 324 323 322 321 320 319 318 317 316 315 314 313
 312 311 310 309 308 307 306 305 304 303 302 301 300 299 298 297 296 295
 294 293 292 291 290 289 288 287 286 285 284 283 282 281 280 279 278 277
 276 275 274 273 272 271 270 269 268 267 266 265 264 263 262 261 260 259
 258 257 256 255 254 253 252 251 250 249 248 247 246 245 244 243 242 241
 240 239 238 237 236 235 234 233 232 231 230 229 228 227 226 225 224 223
 222 221 220 219 218 217 216 215 214 213 212 211 210 209 208 207 206 205
 204 203 202 201 200 199 198 197 196 195 194 193 192 191 190 189 188 187
 186 185 184 183 182 181 180 179 178 177 176 175 174 173 172 171 170 169
 168 167 166 165 164 163 162 161 160 159 158 157 156 155 154 153 152 151
 150 149 148 147 146 145 144 143 142 141 140 139 138 137 136 135 134 133
 132 131 130 129 128 127 126 125 124 123 122 121 120 119 118 117 116 115
 114 113 112 111 110 109 108 107 106 105 104 103 102 101 100  99  98  97
  96  95  94  93  92  91  90  89  88  87  86  85  84  83  82  81  80  79
  78  77  76  75  74  73  72  71  70  69  68  67  66  65  64  63  62  61
  60  59  58  57  56  55  54  53  52  51  50  49  48  47  46  45  44  43
  42  41  40  39  38  37  36  35  34  33  32  31  30  29  28  27  26  25
  24  23  22  21  20  19  18  17  16  15  14  13  11  10  12   9   8   7
   6   5   4   3   2   1   0]
Elapsed Time: 1800.361074924469 seconds

Twice Around the Tree:
Cost: 49680.22855706093
Solution: [0, 548, 532, 533, 520, 492, 491, 490, 549, 550, 534, 494, 493, 495, 496, 521, 535, 551, 552, 553, 522, 497, 498, 523, 499, 554, 555, 556, 536, 524, 500, 557, 537, 501, 502, 525, 538, 539, 503, 504, 106, 107, 108, 109, 113, 117, 121, 125, 129, 133, 137, 141, 145, 149, 153, 157, 161, 165, 169, 173, 177, 181, 185, 189, 193, 197, 201, 101, 99, 98, 97, 96, 95, 94, 91, 90, 88, 84, 83, 82, 79, 78, 75, 76, 73, 77, 74, 560, 540, 541, 526, 507, 506, 505, 561, 562, 542, 509, 508, 510, 511, 527, 543, 563, 564, 565, 528, 512, 513, 529, 514, 566, 567, 568, 544, 530, 515, 569, 102, 103, 104, 72, 71, 63, 62, 9, 8, 7, 6, 5, 12, 10, 11, 61, 13, 51, 50, 48, 47, 45, 43, 41, 38, 37, 40, 39, 35, 34, 29, 28, 22, 21, 27, 26, 24, 23, 20, 19, 25, 30, 31, 32, 33, 36, 42, 46, 44, 53, 52, 49, 18, 17, 587, 588, 589, 608, 623, 622, 642, 643, 644, 624, 591, 590, 592, 593, 609, 625, 645, 646, 647, 610, 594, 595, 611, 596, 648, 649, 650, 626, 612, 597, 651, 627, 598, 599, 613, 628, 629, 600, 601, 394, 395, 396, 397, 401, 405, 409, 413, 417, 421, 425, 429, 433, 437, 441, 445, 449, 453, 457, 461, 465, 469, 473, 477, 481, 485, 489, 400, 404, 408, 412, 416, 420, 424, 428, 432, 436, 440, 444, 448, 452, 456, 460, 464, 468, 472, 476, 480, 484, 488, 399, 403, 407, 411, 415, 419, 423, 427, 431, 435, 439, 443, 447, 451, 455, 459, 463, 467, 471, 475, 479, 483, 487, 398, 402, 406, 410, 414, 418, 422, 426, 430, 434, 438, 442, 446, 450, 454, 458, 462, 466, 470, 474, 478, 482, 486, 653, 652, 54, 55, 57, 58, 59, 60, 14, 16, 310, 306, 302, 298, 299, 300, 301, 305, 309, 313, 317, 321, 325, 329, 333, 337, 341, 345, 349, 353, 357, 361, 365, 369, 373, 377, 381, 385, 389, 393, 304, 308, 312, 316, 320, 324, 328, 332, 336, 340, 344, 348, 352, 356, 360, 364, 368, 372, 376, 380, 384, 388, 392, 303, 307, 311, 315, 319, 323, 327, 331, 335, 339, 343, 347, 351, 355, 359, 363, 367, 371, 375, 379, 383, 387, 391, 586, 585, 621, 620, 607, 584, 583, 619, 639, 618, 606, 582, 638, 637, 636, 605, 580, 604, 579, 635, 634, 633, 617, 603, 578, 577, 576, 575, 616, 632, 631, 615, 602, 574, 573, 572, 15, 614, 630, 581, 640, 641, 314, 318, 322, 326, 330, 334, 338, 342, 346, 350, 354, 358, 362, 366, 370, 374, 378, 382, 386, 390, 56, 70, 69, 67, 66, 65, 64, 68, 545, 516, 517, 531, 546, 547, 518, 519, 202, 203, 204, 205, 209, 213, 217, 221, 225, 229, 233, 237, 241, 245, 249, 253, 257, 261, 265, 269, 273, 277, 281, 285, 289, 293, 297, 105, 208, 212, 216, 220, 224, 228, 232, 236, 240, 244, 248, 252, 256, 260, 264, 268, 272, 276, 280, 284, 288, 292, 296, 207, 211, 215, 219, 223, 227, 231, 235, 239, 243, 247, 251, 255, 259, 263, 267, 271, 275, 279, 283, 287, 291, 295, 206, 210, 214, 218, 222, 226, 230, 234, 238, 242, 246, 250, 254, 258, 262, 266, 270, 274, 278, 282, 286, 290, 294, 571, 570, 87, 86, 85, 80, 81, 89, 92, 93, 100, 3, 2, 1, 4, 112, 116, 120, 124, 128, 132, 136, 140, 144, 148, 152, 156, 160, 164, 168, 172, 176, 180, 184, 188, 192, 196, 200, 111, 115, 119, 123, 127, 131, 135, 139, 143, 147, 151, 155, 159, 163, 167, 171, 175, 179, 183, 187, 191, 195, 199, 110, 114, 118, 122, 126, 130, 134, 138, 142, 146, 150, 154, 158, 162, 166, 170, 174, 178, 182, 186, 190, 194, 198, 559, 558, 0]
Elapsed Time: 26.750648260116577 seconds

Christofides:
Cost: 58098.80087053405
Solution: [0, 1, 2, 3, 4, 100, 99, 15, 572, 573, 574, 602, 615, 614, 630, 631, 632, 616, 576, 575, 577, 578, 603, 617, 633, 634, 635, 604, 579, 580, 605, 581, 636, 637, 638, 618, 582, 606, 639, 619, 583, 584, 607, 620, 621, 585, 586, 298, 299, 300, 301, 305, 309, 313, 317, 321, 325, 329, 333, 337, 341, 345, 349, 353, 357, 361, 365, 369, 373, 377, 381, 385, 389, 393, 392, 388, 384, 380, 376, 372, 368, 364, 360, 356, 352, 348, 344, 340, 336, 332, 328, 324, 320, 316, 312, 308, 304, 310, 16, 14, 60, 59, 58, 57, 55, 54, 53, 50, 48, 47, 45, 43, 41, 38, 37, 33, 32, 31, 30, 27, 26, 24, 23, 20, 19, 21, 22, 28, 29, 34, 35, 36, 39, 40, 42, 46, 396, 395, 394, 398, 402, 406, 410, 414, 418, 422, 426, 430, 434, 438, 442, 446, 450, 454, 458, 462, 466, 470, 474, 478, 482, 486, 487, 483, 479, 475, 471, 467, 463, 459, 455, 451, 447, 443, 439, 435, 431, 427, 423, 419, 415, 411, 407, 403, 399, 601, 600, 629, 628, 613, 599, 598, 627, 651, 626, 597, 612, 650, 649, 648, 611, 595, 610, 594, 647, 646, 645, 625, 609, 593, 592, 591, 590, 624, 644, 643, 623, 608, 589, 588, 587, 18, 17, 49, 52, 622, 642, 596, 652, 653, 397, 401, 405, 409, 413, 417, 421, 425, 429, 433, 437, 441, 445, 449, 453, 457, 461, 465, 469, 473, 477, 481, 485, 489, 488, 484, 480, 476, 472, 468, 464, 460, 456, 452, 448, 444, 440, 436, 432, 428, 424, 420, 416, 412, 408, 404, 400, 25, 44, 51, 61, 11, 10, 12, 8, 5, 6, 7, 9, 62, 63, 71, 64, 65, 66, 67, 69, 70, 68, 72, 104, 103, 102, 569, 544, 515, 530, 568, 567, 566, 529, 513, 528, 512, 565, 564, 563, 543, 527, 511, 510, 509, 508, 542, 562, 561, 541, 505, 506, 507, 526, 540, 560, 74, 77, 78, 75, 76, 73, 81, 85, 80, 86, 87, 88, 84, 83, 82, 79, 90, 91, 94, 95, 96, 97, 98, 93, 92, 89, 514, 545, 516, 517, 531, 546, 547, 518, 519, 202, 203, 204, 205, 209, 213, 217, 221, 225, 229, 233, 237, 241, 245, 249, 253, 257, 261, 265, 269, 273, 277, 281, 285, 289, 293, 297, 105, 296, 292, 288, 284, 280, 276, 272, 268, 264, 260, 256, 252, 248, 244, 240, 236, 232, 228, 224, 220, 216, 212, 208, 570, 207, 211, 215, 219, 223, 227, 231, 235, 239, 243, 247, 251, 255, 259, 263, 267, 271, 275, 279, 283, 287, 291, 295, 294, 290, 286, 282, 278, 274, 270, 266, 262, 258, 254, 250, 246, 242, 238, 234, 230, 226, 222, 218, 214, 210, 206, 571, 13, 56, 306, 302, 314, 318, 322, 326, 330, 334, 338, 342, 346, 350, 354, 358, 362, 366, 370, 374, 378, 382, 386, 390, 391, 387, 383, 379, 375, 371, 367, 363, 359, 355, 351, 347, 343, 339, 335, 331, 327, 323, 319, 315, 311, 307, 303, 641, 640, 101, 201, 197, 193, 189, 185, 181, 177, 173, 169, 165, 161, 157, 153, 149, 145, 141, 137, 133, 129, 125, 121, 117, 113, 109, 108, 107, 106, 110, 114, 118, 122, 126, 130, 134, 138, 142, 146, 150, 154, 158, 162, 166, 170, 174, 178, 182, 186, 190, 194, 198, 199, 195, 191, 187, 183, 179, 175, 171, 167, 163, 159, 155, 151, 147, 143, 139, 135, 131, 127, 123, 119, 115, 111, 504, 503, 539, 538, 525, 502, 501, 537, 557, 536, 500, 524, 556, 555, 554, 523, 498, 522, 497, 553, 552, 551, 535, 521, 496, 495, 494, 493, 534, 550, 549, 533, 490, 491, 492, 520, 532, 548, 499, 558, 559, 112, 116, 120, 124, 128, 132, 136, 140, 144, 148, 152, 156, 160, 164, 168, 172, 176, 180, 184, 188, 192, 196, 200, 0]
Elapsed Time: 23.865285396575928 seconds

----------------------------------------
