---------- Dataset: ./data/st70.tsp - Number of vertices: 70 ----------

70
Branch and Bound:
Cost: 3266.888061477074
Solution: [ 0 69 68 67 66 65 64 63 62 61 60 59 58 57 56 55 54 53 52 51 50 49 48 47
 46 45 44 43 42 41 40 39 38 37 36 35 34 33 32 31 30 29 28 27 26 25 24 23
 22 21 20 19 18 17 16 15 14 13 12  5  3  1  6  7  2  8 11 10  9  4  0]
Elapsed Time: 1800.0030884742737 seconds

Twice Around the Tree:
Cost: 861.7650023207578
Solution: [0, 15, 46, 36, 57, 49, 9, 4, 52, 51, 59, 11, 20, 16, 8, 39, 26, 45, 44, 24, 38, 60, 42, 40, 5, 41, 17, 3, 1, 6, 18, 31, 2, 7, 25, 48, 54, 27, 13, 19, 29, 67, 43, 33, 32, 53, 47, 66, 10, 55, 50, 64, 63, 61, 22, 37, 58, 21, 62, 56, 14, 23, 65, 68, 30, 12, 28, 69, 34, 35, 0]
Elapsed Time: 0.04770374298095703 seconds

Christofides:
Cost: 979.2323542693612
Solution: [0, 15, 46, 36, 57, 49, 9, 4, 52, 51, 59, 11, 20, 16, 8, 39, 26, 45, 44, 24, 60, 38, 42, 40, 5, 41, 17, 3, 1, 6, 18, 31, 2, 7, 25, 48, 54, 27, 13, 19, 29, 43, 67, 33, 32, 53, 47, 66, 10, 50, 55, 64, 63, 23, 14, 56, 62, 21, 58, 37, 22, 34, 68, 30, 12, 28, 69, 65, 61, 35, 0]
Elapsed Time: 0.050223350524902344 seconds

