---------- Dataset: ./data/kroD100.tsp - Number of vertices: 100 ----------
Branch and Bound:
Cost: 158688.40534463484
Solution: [ 0 99 98 97 96 95 94 93 92 91 90 89 88 87 86 85 84 83 82 81 80 79 78 77
 76 75 74 73 72 71 70 69 68 67 66 65 64 63 62 61 60 59 58 57 56 55 54 53
 52 51 50 49 48 47 46 45 44 43 42 41 40 39 38 37 36 35 34 33 32 31 30 29
 28 27 26 25 24 23 22 21 20 19 18 17 16 15 14 13 11  9  8  5  2  4  1  3
  6  7 10 12  0]
Elapsed Time: 1800.0039720535278 seconds

Twice Around the Tree:
Cost: 28599.08032115755
Solution: [0, 26, 23, 40, 83, 14, 62, 15, 95, 85, 64, 13, 67, 32, 44, 98, 30, 56, 71, 77, 79, 75, 53, 76, 42, 70, 3, 43, 59, 52, 4, 61, 36, 18, 91, 50, 34, 99, 1, 47, 29, 92, 63, 58, 39, 5, 82, 2, 84, 17, 24, 19, 8, 9, 20, 46, 11, 27, 55, 94, 54, 25, 86, 81, 90, 38, 72, 68, 87, 78, 12, 49, 33, 37, 10, 89, 16, 93, 31, 96, 88, 69, 48, 97, 65, 7, 51, 45, 22, 41, 21, 57, 28, 35, 66, 74, 6, 73, 60, 80, 0]
Elapsed Time: 0.07975363731384277 seconds

Christofides:
Cost: 33787.34323290683
Solution: [0, 26, 23, 12, 78, 87, 40, 83, 14, 62, 15, 95, 85, 64, 13, 67, 32, 44, 98, 30, 56, 71, 77, 79, 75, 68, 53, 76, 34, 50, 36, 18, 91, 47, 1, 99, 29, 61, 52, 4, 59, 43, 3, 70, 42, 92, 63, 58, 2, 82, 39, 5, 84, 17, 24, 19, 8, 9, 20, 46, 11, 27, 96, 31, 93, 16, 89, 10, 37, 33, 49, 80, 65, 7, 51, 45, 60, 73, 6, 74, 66, 35, 28, 57, 21, 41, 22, 88, 69, 48, 97, 55, 94, 54, 25, 86, 81, 90, 38, 72, 0]
Elapsed Time: 0.08247542381286621 seconds

----------------------------------------
