---------- Dataset: ./data/kroB100.tsp - Number of vertices: 100 ----------
Branch and Bound:
Cost: 141064.71166538278
Solution: [ 0 99 98 97 96 95 94 93 92 91 90 89 88 87 86 85 84 83 82 81 80 79 78 77
 76 75 74 73 72 71 70 69 68 67 66 65 64 63 62 61 60 59 58 57 56 55 54 53
 52 51 50 49 48 47 46 45 44 43 42 41 40 39 38 37 36 35 34 33 32 31 30 29
 28 27 26 25 24 23 22 21 20 19 18 17 16 15 14 13  1 12  5  3  6  8 11  7
  2 10  4  9  0]
Elapsed Time: 1800.0035147666931 seconds

Twice Around the Tree:
Cost: 28803.507215422298
Solution: [0, 89, 20, 94, 97, 11, 70, 26, 8, 24, 45, 60, 34, 93, 56, 6, 83, 57, 51, 42, 49, 54, 21, 22, 87, 76, 15, 1, 12, 62, 30, 47, 50, 77, 16, 40, 44, 35, 95, 91, 18, 43, 41, 13, 63, 81, 32, 14, 5, 3, 82, 23, 17, 88, 86, 59, 73, 65, 53, 33, 31, 58, 75, 98, 7, 28, 96, 90, 27, 2, 10, 92, 84, 72, 52, 69, 38, 39, 66, 4, 61, 25, 68, 74, 29, 48, 85, 67, 9, 79, 19, 37, 99, 55, 80, 78, 46, 64, 36, 71, 0]
Elapsed Time: 0.07463693618774414 seconds

Christofides:
Cost: 28398.911397110864
Solution: [0, 89, 20, 9, 67, 85, 48, 29, 37, 19, 79, 74, 68, 25, 61, 4, 66, 39, 38, 69, 52, 72, 84, 92, 10, 2, 27, 90, 96, 98, 7, 28, 75, 58, 31, 97, 11, 70, 26, 8, 24, 45, 60, 34, 93, 56, 6, 83, 57, 51, 42, 49, 54, 21, 22, 87, 71, 36, 64, 78, 46, 80, 55, 99, 76, 15, 1, 12, 62, 30, 47, 50, 43, 91, 18, 95, 35, 44, 16, 40, 77, 41, 13, 63, 81, 32, 14, 5, 3, 82, 65, 73, 59, 86, 88, 17, 23, 53, 33, 94, 0]
Elapsed Time: 0.07192564010620117 seconds

----------------------------------------
