---------- Dataset: ./data/kroE100.tsp - Number of vertices: 100 ----------
Branch and Bound:
Cost: 166614.3318268436
Solution: [ 0 99 98 97 96 95 94 93 92 91 90 89 88 87 86 85 84 83 82 81 80 79 78 77
 76 75 74 73 72 71 70 69 68 67 66 65 64 63 62 61 60 59 58 57 56 55 54 53
 52 51 50 49 48 47 46 45 44 43 42 41 40 39 38 37 36 35 34 33 32 31 30 29
 28 27 26 25 24 23 22 21 20 19 18 17 16 15 14 13  7  4  5 10  1  3 12  8
  9 11  6  2  0]
Elapsed Time: 1800.0040159225464 seconds

Twice Around the Tree:
Cost: 30978.579687402602
Solution: [0, 73, 20, 6, 75, 11, 31, 57, 62, 87, 34, 39, 98, 16, 83, 44, 53, 24, 96, 64, 7, 79, 9, 59, 49, 56, 30, 8, 65, 29, 89, 41, 4, 47, 32, 21, 38, 42, 18, 93, 17, 23, 28, 99, 85, 37, 67, 92, 90, 54, 5, 33, 36, 69, 84, 76, 95, 3, 1, 10, 81, 26, 40, 74, 12, 86, 66, 91, 52, 77, 63, 22, 55, 14, 19, 48, 61, 94, 35, 27, 58, 97, 50, 68, 82, 46, 2, 45, 72, 15, 60, 13, 43, 71, 51, 70, 88, 80, 78, 25, 0]
Elapsed Time: 0.07451343536376953 seconds

Christofides:
Cost: 34190.63643632887
Solution: [0, 73, 20, 6, 75, 11, 31, 57, 62, 87, 34, 39, 98, 16, 83, 44, 53, 24, 96, 64, 7, 71, 43, 13, 51, 60, 15, 25, 78, 72, 46, 2, 45, 69, 36, 33, 5, 54, 90, 92, 29, 30, 8, 12, 74, 40, 26, 66, 81, 3, 1, 10, 95, 84, 76, 91, 86, 56, 79, 9, 59, 49, 61, 48, 55, 14, 19, 22, 63, 94, 35, 27, 58, 97, 50, 68, 65, 89, 4, 41, 47, 32, 21, 38, 42, 18, 93, 17, 23, 28, 99, 77, 52, 85, 37, 67, 82, 70, 88, 80, 0]
Elapsed Time: 0.07546520233154297 seconds

----------------------------------------
