---------- Dataset: ./data/ch130.tsp - Number of vertices: 130 ----------
Branch and Bound:
Cost: 44637.2297306206
Solution: [  0 129 128 127 126 125 124 123 122 121 120 119 118 117 116 115 114 113
 112 111 110 109 108 107 106 105 104 103 102 101 100  99  98  97  96  95
  94  93  92  91  90  89  88  87  86  85  84  83  82  81  80  79  78  77
  76  75  74  73  72  71  70  69  68  67  66  65  64  63  62  61  60  59
  58  57  56  55  54  53  52  51  50  49  48  47  46  45  44  43  42  41
  40  39  38  37  36  35  34  33  32  31  30  29  28  27  26  25  24  23
  22  21  20  19  18  17  16  15  14  13  12   9   5   8  11   3   1   7
   2   4  10   6   0]
Elapsed Time: 1800.0178232192993 seconds

Twice Around the Tree:
Cost: 8276.508282188533
Solution: [0, 40, 38, 70, 129, 49, 1, 117, 34, 3, 53, 79, 45, 17, 7, 107, 113, 2, 82, 29, 58, 89, 124, 84, 65, 125, 120, 77, 20, 32, 19, 92, 36, 21, 46, 22, 121, 13, 9, 66, 12, 95, 54, 5, 101, 39, 43, 41, 50, 59, 119, 52, 48, 57, 105, 37, 78, 94, 115, 23, 14, 28, 88, 93, 76, 102, 80, 86, 11, 109, 97, 24, 31, 35, 83, 118, 112, 47, 67, 62, 69, 96, 6, 25, 99, 26, 18, 42, 103, 106, 126, 30, 16, 33, 91, 72, 98, 73, 74, 51, 8, 56, 55, 64, 81, 100, 122, 110, 71, 90, 116, 111, 104, 61, 114, 27, 127, 15, 44, 75, 10, 4, 108, 60, 128, 123, 63, 68, 87, 85, 0]
Elapsed Time: 0.35404014587402344 seconds

Christofides:
Cost: 9230.694592156156
Solution: [0, 38, 40, 70, 129, 49, 1, 117, 34, 3, 115, 23, 14, 28, 88, 93, 76, 102, 80, 86, 11, 37, 78, 94, 91, 72, 98, 73, 74, 51, 8, 56, 55, 64, 81, 100, 122, 110, 118, 83, 35, 31, 24, 47, 97, 67, 62, 69, 96, 6, 126, 106, 103, 42, 18, 26, 30, 16, 33, 99, 25, 109, 112, 105, 57, 48, 52, 119, 59, 50, 41, 43, 39, 46, 22, 121, 13, 9, 66, 12, 32, 20, 17, 7, 107, 113, 2, 82, 29, 58, 89, 124, 84, 65, 77, 120, 125, 45, 19, 92, 36, 21, 79, 95, 54, 5, 101, 85, 87, 68, 63, 123, 128, 60, 108, 75, 4, 10, 44, 15, 127, 104, 27, 114, 61, 111, 116, 71, 90, 53, 0]
Elapsed Time: 0.33534741401672363 seconds

----------------------------------------
