---------- Dataset: ./data/d657.tsp - Number of vertices: 657 ----------
Branch and Bound:
Cost: 232123.32334046793
Solution: [  0 656 655 654 653 652 651 650 649 648 647 646 645 644 643 642 641 640
 639 638 637 636 635 634 633 632 631 630 629 628 627 626 625 624 623 622
 621 620 619 618 617 616 615 614 613 612 611 610 609 608 607 606 605 604
 603 602 601 600 599 598 597 596 595 594 593 592 591 590 589 588 587 586
 585 584 583 582 581 580 579 578 577 576 575 574 573 572 571 570 569 568
 567 566 565 564 563 562 561 560 559 558 557 556 555 554 553 552 551 550
 549 548 547 546 545 544 543 542 541 540 539 538 537 536 535 534 533 532
 531 530 529 528 527 526 525 524 523 522 521 520 519 518 517 516 515 514
 513 512 511 510 509 508 507 506 505 504 503 502 501 500 499 498 497 496
 495 494 493 492 491 490 489 488 487 486 485 484 483 482 481 480 479 478
 477 476 475 474 473 472 471 470 469 468 467 466 465 464 463 462 461 460
 459 458 457 456 455 454 453 452 451 450 449 448 447 446 445 444 443 442
 441 440 439 438 437 436 435 434 433 432 431 430 429 428 427 426 425 424
 423 422 421 420 419 418 417 416 415 414 413 412 411 410 409 408 407 406
 405 404 403 402 401 400 399 398 397 396 395 394 393 392 391 390 389 388
 387 386 385 384 383 382 381 380 379 378 377 376 375 374 373 372 371 370
 369 368 367 366 365 364 363 362 361 360 359 358 357 356 355 354 353 352
 351 350 349 348 347 346 345 344 343 342 341 340 339 338 337 336 335 334
 333 332 331 330 329 328 327 326 325 324 323 322 321 320 319 318 317 316
 315 314 313 312 311 310 309 308 307 306 305 304 303 302 301 300 299 298
 297 296 295 294 293 292 291 290 289 288 287 286 285 284 283 282 281 280
 279 278 277 276 275 274 273 272 271 270 269 268 267 266 265 264 263 262
 261 260 259 258 257 256 255 254 253 252 251 250 249 248 247 246 245 244
 243 242 241 240 239 238 237 236 235 234 233 232 231 230 229 228 227 226
 225 224 223 222 221 220 219 218 217 216 215 214 213 212 211 210 209 208
 207 206 205 204 203 202 201 200 199 198 197 196 195 194 193 192 191 190
 189 188 187 186 185 184 183 182 181 180 179 178 177 176 175 174 173 172
 171 170 169 168 167 166 165 164 163 162 161 160 159 158 157 156 155 154
 153 152 151 150 149 148 147 146 145 144 143 142 141 140 139 138 137 136
 135 134 133 132 131 130 129 128 127 126 125 124 123 122 121 120 119 118
 117 116 115 114 113 112 111 110 109 108 107 106 105 104 103 102 101 100
  99  98  97  96  95  94  93  92  91  90  89  88  87  86  85  84  83  82
  81  80  79  78  77  76  75  74  73  72  71  70  69  68  67  66  65  64
  63  62  61  60  59  58  57  56  55  54  53  52  51  50  49  48  47  46
  45  44  43  42  41  40  39  38  37  36  35  34  33  32  31  30  29  28
  27  26  25  24  23  22  21  20  19  18  17  16  15  14  13  12  11  10
   8   9   7   6   5   4   3   2   1   0]
Elapsed Time: 1800.177038192749 seconds

Twice Around the Tree:
Cost: 65857.40569625125
Solution: [0, 1, 2, 3, 4, 10, 9, 7, 33, 32, 24, 21, 14, 15, 16, 17, 13, 18, 19, 22, 29, 27, 26, 25, 23, 440, 441, 443, 446, 447, 30, 31, 37, 34, 38, 42, 46, 58, 70, 90, 104, 105, 121, 43, 47, 51, 62, 56, 67, 76, 82, 96, 100, 107, 106, 112, 122, 143, 153, 158, 150, 166, 167, 151, 111, 110, 123, 134, 146, 176, 192, 188, 175, 83, 89, 88, 87, 95, 109, 127, 124, 505, 506, 125, 135, 152, 504, 126, 502, 499, 495, 492, 489, 484, 488, 487, 485, 480, 481, 486, 490, 496, 497, 494, 491, 482, 472, 483, 471, 498, 493, 514, 515, 518, 517, 516, 513, 512, 503, 501, 500, 507, 133, 136, 508, 509, 510, 159, 182, 173, 183, 194, 200, 201, 202, 189, 174, 160, 193, 203, 205, 212, 213, 580, 229, 246, 257, 279, 592, 306, 297, 280, 273, 258, 266, 296, 302, 295, 281, 265, 278, 285, 282, 267, 256, 244, 211, 233, 274, 272, 249, 277, 291, 283, 286, 301, 319, 330, 343, 336, 354, 360, 355, 331, 375, 380, 383, 381, 393, 418, 586, 581, 582, 578, 574, 573, 577, 576, 583, 584, 585, 579, 575, 656, 588, 587, 590, 593, 599, 603, 604, 609, 589, 598, 600, 601, 595, 596, 591, 597, 594, 602, 611, 612, 619, 624, 427, 408, 426, 622, 620, 618, 617, 616, 615, 613, 625, 614, 621, 623, 605, 606, 610, 607, 337, 356, 608, 216, 222, 245, 511, 567, 570, 528, 559, 556, 551, 550, 549, 543, 542, 554, 553, 548, 547, 546, 545, 544, 552, 628, 629, 630, 631, 632, 633, 634, 635, 638, 637, 636, 639, 640, 641, 642, 643, 644, 645, 646, 558, 563, 560, 564, 561, 562, 568, 569, 571, 572, 626, 655, 654, 627, 653, 652, 648, 647, 649, 650, 651, 565, 555, 557, 566, 145, 144, 108, 94, 470, 61, 66, 71, 80, 81, 75, 469, 463, 462, 464, 458, 453, 449, 442, 450, 448, 452, 451, 454, 461, 465, 467, 460, 455, 459, 457, 456, 473, 475, 476, 477, 478, 479, 519, 520, 474, 521, 527, 526, 525, 522, 524, 530, 523, 529, 531, 532, 535, 534, 536, 537, 538, 539, 540, 541, 533, 466, 468, 444, 445, 20, 28, 35, 36, 39, 41, 45, 44, 49, 54, 50, 40, 63, 68, 73, 77, 74, 84, 93, 98, 97, 91, 102, 114, 118, 103, 85, 72, 65, 57, 52, 48, 59, 55, 69, 119, 113, 99, 92, 86, 120, 139, 148, 147, 154, 149, 177, 184, 179, 161, 170, 169, 171, 115, 132, 140, 155, 162, 142, 137, 130, 116, 101, 128, 129, 138, 131, 117, 141, 164, 156, 163, 190, 196, 168, 172, 178, 185, 195, 191, 186, 180, 181, 187, 165, 157, 197, 198, 199, 209, 217, 218, 206, 234, 240, 253, 239, 230, 220, 238, 235, 231, 210, 237, 269, 262, 261, 263, 264, 271, 290, 289, 298, 307, 317, 322, 335, 340, 323, 324, 303, 299, 293, 288, 334, 308, 309, 292, 287, 275, 254, 241, 232, 221, 247, 251, 260, 268, 252, 227, 219, 214, 207, 208, 226, 224, 228, 223, 243, 255, 259, 284, 242, 250, 276, 270, 300, 310, 320, 326, 350, 369, 377, 365, 386, 401, 405, 414, 423, 431, 424, 419, 410, 425, 413, 406, 402, 394, 379, 376, 374, 368, 366, 359, 339, 328, 313, 314, 315, 329, 316, 338, 332, 344, 353, 362, 367, 382, 392, 352, 363, 384, 403, 407, 412, 433, 434, 429, 417, 411, 428, 395, 385, 396, 378, 373, 358, 351, 333, 318, 312, 305, 304, 311, 327, 357, 432, 387, 248, 236, 225, 204, 215, 294, 321, 325, 342, 348, 349, 364, 370, 388, 397, 422, 436, 430, 435, 346, 345, 341, 347, 361, 372, 391, 398, 400, 389, 404, 415, 421, 439, 409, 416, 390, 371, 399, 420, 437, 438, 53, 60, 64, 79, 78, 6, 5, 8, 11, 12, 0]
Elapsed Time: 27.080196380615234 seconds

Christofides:
Cost: 67731.24125064474
Solution: [0, 1, 2, 3, 4, 5, 6, 78, 79, 64, 60, 53, 41, 33, 7, 9, 8, 10, 11, 12, 91, 97, 98, 93, 84, 77, 73, 68, 63, 45, 40, 50, 54, 49, 44, 74, 115, 132, 140, 155, 162, 142, 137, 130, 101, 116, 128, 129, 138, 131, 117, 141, 163, 156, 164, 190, 196, 206, 218, 209, 199, 198, 197, 195, 185, 178, 172, 168, 191, 186, 180, 181, 187, 165, 157, 204, 225, 215, 236, 248, 254, 241, 221, 232, 247, 251, 260, 268, 252, 227, 219, 207, 214, 208, 226, 224, 228, 223, 249, 272, 274, 256, 211, 244, 233, 267, 282, 285, 278, 281, 265, 245, 222, 216, 212, 202, 201, 200, 194, 183, 173, 182, 159, 510, 509, 508, 133, 136, 507, 503, 501, 500, 493, 488, 484, 489, 492, 495, 499, 502, 504, 125, 135, 152, 160, 174, 189, 203, 205, 193, 175, 188, 192, 176, 146, 134, 123, 110, 96, 76, 67, 56, 62, 51, 47, 43, 38, 34, 37, 31, 30, 27, 26, 25, 23, 440, 441, 443, 446, 447, 442, 449, 453, 450, 448, 452, 451, 454, 461, 465, 467, 460, 455, 459, 457, 456, 473, 475, 476, 477, 478, 479, 519, 520, 474, 521, 527, 526, 525, 522, 524, 530, 523, 529, 531, 532, 535, 534, 536, 537, 538, 539, 540, 541, 542, 543, 549, 550, 512, 513, 516, 517, 518, 515, 514, 551, 556, 559, 528, 554, 553, 548, 547, 546, 544, 545, 552, 628, 629, 630, 631, 632, 633, 634, 635, 638, 637, 636, 639, 640, 641, 642, 643, 644, 645, 646, 651, 650, 649, 647, 648, 652, 653, 654, 627, 655, 626, 572, 571, 569, 568, 562, 561, 564, 560, 563, 558, 565, 555, 557, 566, 570, 567, 511, 533, 458, 464, 462, 463, 469, 466, 468, 29, 22, 19, 18, 13, 17, 16, 15, 14, 21, 24, 32, 20, 28, 444, 445, 42, 46, 58, 70, 90, 104, 105, 121, 75, 81, 80, 71, 66, 61, 470, 471, 483, 482, 472, 491, 494, 497, 496, 490, 486, 485, 480, 481, 487, 498, 82, 83, 89, 88, 87, 108, 95, 109, 127, 124, 505, 506, 144, 145, 94, 100, 107, 106, 112, 122, 143, 153, 150, 158, 166, 167, 151, 179, 184, 177, 154, 147, 148, 139, 120, 99, 86, 92, 113, 119, 103, 69, 59, 55, 48, 52, 57, 65, 72, 85, 118, 114, 102, 161, 170, 169, 171, 149, 111, 126, 213, 580, 229, 246, 257, 279, 592, 306, 297, 266, 258, 273, 280, 296, 302, 295, 301, 319, 330, 343, 336, 316, 329, 315, 314, 313, 328, 339, 359, 352, 363, 366, 368, 374, 376, 379, 384, 394, 385, 395, 396, 378, 373, 358, 351, 333, 318, 312, 305, 304, 311, 327, 325, 321, 309, 292, 287, 275, 294, 308, 334, 324, 288, 293, 299, 303, 323, 340, 335, 322, 317, 307, 298, 290, 271, 261, 253, 234, 240, 264, 263, 239, 230, 220, 238, 235, 231, 210, 237, 269, 347, 341, 345, 361, 372, 391, 398, 400, 389, 404, 415, 421, 439, 435, 430, 436, 422, 397, 388, 370, 364, 348, 342, 349, 409, 416, 390, 371, 399, 438, 420, 437, 262, 289, 346, 357, 402, 406, 413, 425, 419, 410, 424, 431, 423, 414, 405, 401, 386, 377, 365, 387, 369, 350, 326, 320, 310, 300, 276, 270, 432, 403, 407, 412, 433, 434, 429, 417, 411, 428, 418, 383, 380, 375, 354, 360, 355, 331, 356, 337, 607, 610, 606, 605, 601, 595, 596, 591, 597, 594, 602, 611, 609, 604, 603, 599, 590, 587, 588, 585, 579, 575, 656, 584, 583, 577, 573, 574, 578, 582, 581, 586, 589, 598, 600, 576, 593, 612, 619, 624, 427, 408, 426, 622, 620, 618, 617, 616, 615, 613, 608, 625, 614, 621, 623, 381, 393, 338, 332, 392, 382, 367, 362, 353, 344, 283, 286, 277, 291, 243, 255, 259, 284, 250, 242, 217, 35, 36, 39, 0]
Elapsed Time: 25.654638528823853 seconds

----------------------------------------
