---------- Dataset: ./data/u724.tsp - Number of vertices: 724 ----------
Branch and Bound:
Cost: 157357.48027049957
Solution: [  0 723 722 721 720 719 718 717 716 715 714 713 712 711 710 709 708 707
 706 705 704 703 702 701 700 699 698 697 696 695 694 693 692 691 690 689
 688 687 686 685 684 683 682 681 680 679 678 677 676 675 674 673 672 671
 670 669 668 667 666 665 664 663 662 661 660 659 658 657 656 655 654 653
 652 651 650 649 648 647 646 645 644 643 642 641 640 639 638 637 636 635
 634 633 632 631 630 629 628 627 626 625 624 623 622 621 620 619 618 617
 616 615 614 613 612 611 610 609 608 607 606 605 604 603 602 601 600 599
 598 597 596 595 594 593 592 591 590 589 588 587 586 585 584 583 582 581
 580 579 578 577 576 575 574 573 572 571 570 569 568 567 566 565 564 563
 562 561 560 559 558 557 556 555 554 553 552 551 550 549 548 547 546 545
 544 543 542 541 540 539 538 537 536 535 534 533 532 531 530 529 528 527
 526 525 524 523 522 521 520 519 518 517 516 515 514 513 512 511 510 509
 508 507 506 505 504 503 502 501 500 499 498 497 496 495 494 493 492 491
 490 489 488 487 486 485 484 483 482 481 480 479 478 477 476 475 474 473
 472 471 470 469 468 467 466 465 464 463 462 461 460 459 458 457 456 455
 454 453 452 451 450 449 448 447 446 445 444 443 442 441 440 439 438 437
 436 435 434 433 432 431 430 429 428 427 426 425 424 423 422 421 420 419
 418 417 416 415 414 413 412 411 410 409 408 407 406 405 404 403 402 401
 400 399 398 397 396 395 394 393 392 391 390 389 388 387 386 385 384 383
 382 381 380 379 378 377 376 375 374 373 372 371 370 369 368 367 366 365
 364 363 362 361 360 359 358 357 356 355 354 353 352 351 350 349 348 347
 346 345 344 343 342 341 340 339 338 337 336 335 334 333 332 331 330 329
 328 327 326 325 324 323 322 321 320 319 318 317 316 315 314 313 312 311
 310 309 308 307 306 305 304 303 302 301 300 299 298 297 296 295 294 293
 292 291 290 289 288 287 286 285 284 283 282 281 280 279 278 277 276 275
 274 273 272 271 270 269 268 267 266 265 264 263 262 261 260 259 258 257
 256 255 254 253 252 251 250 249 248 247 246 245 244 243 242 241 240 239
 238 237 236 235 234 233 232 231 230 229 228 227 226 225 224 223 222 221
 220 219 218 217 216 215 214 213 212 211 210 209 208 207 206 205 204 203
 202 201 200 199 198 197 196 195 194 193 192 191 190 189 188 187 186 185
 184 183 182 181 180 179 178 177 176 175 174 173 172 171 170 169 168 167
 166 165 164 163 162 161 160 159 158 157 156 155 154 153 152 151 150 149
 148 147 146 145 144 143 142 141 140 139 138 137 136 135 134 133 132 131
 130 129 128 127 126 125 124 123 122 121 120 119 118 117 116 115 114 113
 112 111 110 109 108 107 106 105 104 103 102 101 100  99  98  97  96  95
  94  93  92  91  90  89  88  87  86  85  84  83  82  81  80  79  78  77
  76  75  74  73  72  71  70  69  68  67  66  65  64  63  62  61  60  59
  58  57  56  55  54  53  52  51  50  49  48  47  46  45  44  43  42  41
  40  39  38  37  36  35  34  33  32  31  30  29  28  27  26  25  24  23
  22  21  20  19  18  17  16  15  14  13  12  11  10   8   9   5   7   6
   4   3   2   1   0]
Elapsed Time: 1800.1613020896912 seconds

Twice Around the Tree:
Cost: 60213.53871860581
Solution: [0, 723, 12, 11, 714, 1, 10, 720, 696, 20, 24, 23, 28, 43, 36, 38, 44, 685, 32, 35, 687, 92, 688, 46, 29, 30, 81, 64, 33, 66, 65, 49, 50, 58, 51, 59, 104, 61, 60, 57, 55, 56, 54, 53, 71, 72, 52, 73, 110, 114, 63, 84, 82, 115, 70, 103, 69, 62, 83, 85, 105, 76, 75, 112, 113, 74, 109, 111, 68, 89, 100, 99, 16, 108, 67, 107, 77, 106, 116, 651, 644, 645, 641, 643, 633, 628, 625, 666, 675, 634, 620, 636, 618, 158, 152, 151, 140, 137, 136, 606, 582, 607, 605, 589, 593, 587, 591, 558, 574, 184, 185, 552, 553, 186, 550, 572, 565, 573, 549, 187, 544, 189, 547, 542, 541, 568, 570, 581, 569, 586, 585, 588, 563, 545, 536, 530, 527, 539, 528, 540, 198, 195, 256, 200, 204, 245, 244, 254, 243, 217, 214, 228, 229, 230, 325, 326, 333, 327, 319, 231, 232, 233, 329, 320, 354, 355, 303, 356, 310, 312, 311, 309, 314, 308, 306, 304, 302, 316, 307, 305, 318, 317, 401, 397, 405, 398, 406, 399, 393, 392, 391, 390, 385, 388, 386, 387, 383, 382, 381, 380, 379, 378, 377, 376, 375, 374, 365, 373, 372, 366, 367, 371, 370, 369, 368, 384, 389, 400, 394, 395, 396, 313, 360, 362, 474, 361, 315, 357, 482, 358, 488, 359, 363, 475, 476, 296, 402, 473, 472, 404, 470, 471, 321, 330, 227, 219, 512, 324, 322, 331, 328, 332, 336, 335, 334, 323, 347, 337, 338, 496, 346, 351, 348, 340, 341, 339, 350, 349, 345, 215, 222, 224, 225, 223, 518, 515, 516, 519, 517, 498, 495, 481, 480, 478, 477, 486, 295, 416, 415, 456, 411, 410, 452, 450, 449, 448, 447, 446, 445, 444, 443, 442, 440, 439, 438, 437, 436, 435, 433, 434, 432, 431, 430, 429, 428, 427, 426, 425, 424, 421, 420, 422, 423, 441, 451, 460, 412, 457, 461, 413, 408, 292, 407, 293, 291, 290, 285, 284, 286, 289, 287, 288, 301, 300, 299, 484, 298, 294, 297, 483, 500, 499, 493, 492, 503, 352, 353, 501, 502, 504, 505, 506, 497, 344, 343, 342, 509, 507, 508, 212, 213, 252, 249, 250, 210, 521, 209, 251, 248, 510, 211, 261, 524, 262, 263, 260, 259, 247, 514, 525, 520, 208, 221, 526, 197, 196, 194, 193, 192, 266, 267, 270, 271, 258, 273, 277, 279, 275, 280, 281, 276, 272, 274, 278, 130, 282, 283, 128, 129, 126, 131, 132, 127, 602, 265, 268, 523, 522, 264, 257, 188, 543, 511, 403, 364, 409, 414, 459, 458, 419, 465, 418, 466, 417, 454, 455, 453, 469, 468, 467, 463, 464, 462, 485, 494, 513, 220, 207, 246, 255, 191, 491, 490, 479, 487, 489, 216, 226, 242, 240, 237, 236, 199, 202, 201, 203, 533, 529, 564, 559, 205, 241, 234, 239, 238, 218, 206, 253, 235, 531, 532, 534, 190, 269, 537, 535, 538, 548, 560, 551, 562, 561, 546, 594, 596, 557, 659, 623, 624, 626, 657, 656, 660, 664, 653, 661, 632, 615, 614, 617, 621, 622, 616, 629, 613, 611, 612, 610, 630, 154, 163, 142, 162, 654, 673, 682, 619, 609, 160, 631, 155, 627, 658, 655, 674, 672, 677, 667, 679, 669, 78, 671, 680, 668, 676, 681, 670, 79, 40, 48, 41, 684, 80, 47, 39, 91, 26, 25, 98, 17, 13, 90, 94, 22, 27, 689, 42, 45, 31, 683, 635, 161, 139, 138, 600, 598, 156, 608, 159, 153, 164, 165, 141, 143, 144, 176, 178, 179, 180, 181, 182, 177, 175, 173, 183, 174, 597, 590, 592, 595, 599, 172, 604, 157, 662, 663, 678, 34, 665, 637, 646, 647, 640, 119, 120, 150, 149, 135, 134, 147, 133, 146, 148, 145, 171, 166, 123, 124, 125, 169, 168, 167, 122, 601, 583, 579, 577, 576, 566, 584, 578, 575, 567, 571, 554, 555, 556, 580, 603, 638, 639, 642, 650, 118, 648, 117, 649, 121, 170, 652, 686, 95, 93, 690, 691, 21, 695, 694, 96, 88, 87, 101, 86, 97, 19, 18, 15, 9, 8, 701, 710, 709, 6, 716, 7, 708, 700, 718, 707, 706, 717, 719, 5, 14, 699, 715, 704, 4, 705, 713, 102, 698, 37, 703, 702, 697, 692, 712, 3, 2, 711, 721, 693, 722, 0]
Elapsed Time: 34.74624681472778 seconds

Christofides:
Cost: 68358.2578579271
Solution: [0, 723, 12, 11, 13, 17, 98, 26, 25, 91, 39, 47, 80, 684, 48, 40, 79, 670, 681, 677, 667, 679, 669, 78, 671, 680, 668, 676, 683, 31, 45, 42, 689, 22, 27, 94, 674, 655, 658, 627, 613, 611, 612, 610, 630, 154, 163, 142, 162, 160, 609, 619, 155, 631, 654, 673, 682, 672, 661, 653, 664, 660, 656, 657, 626, 624, 615, 614, 617, 621, 622, 616, 629, 632, 635, 161, 139, 138, 600, 598, 557, 596, 594, 591, 558, 574, 184, 185, 552, 553, 186, 550, 572, 565, 573, 549, 187, 544, 189, 547, 542, 541, 191, 255, 246, 207, 220, 513, 351, 346, 496, 338, 337, 347, 323, 324, 322, 331, 328, 332, 358, 482, 357, 315, 361, 474, 362, 360, 313, 310, 311, 309, 314, 308, 306, 304, 302, 316, 305, 307, 317, 318, 401, 395, 394, 400, 396, 406, 398, 405, 397, 399, 393, 392, 391, 390, 385, 388, 386, 387, 383, 382, 381, 380, 379, 378, 377, 376, 375, 374, 365, 373, 372, 366, 367, 371, 370, 369, 368, 471, 470, 472, 404, 473, 402, 384, 389, 467, 468, 469, 453, 455, 454, 463, 464, 466, 417, 418, 465, 458, 419, 459, 456, 411, 410, 452, 450, 449, 448, 447, 446, 445, 444, 443, 442, 440, 439, 438, 437, 436, 435, 433, 434, 432, 431, 430, 429, 428, 427, 426, 425, 424, 421, 420, 422, 423, 364, 403, 291, 290, 285, 284, 286, 289, 287, 288, 301, 300, 299, 297, 294, 298, 484, 483, 500, 342, 343, 344, 497, 506, 352, 353, 501, 502, 504, 505, 211, 510, 251, 209, 521, 210, 250, 247, 514, 525, 194, 193, 192, 266, 267, 270, 271, 258, 273, 277, 279, 275, 274, 272, 276, 281, 130, 278, 280, 282, 283, 128, 129, 126, 131, 132, 127, 170, 121, 649, 117, 648, 118, 650, 647, 640, 119, 120, 150, 149, 135, 134, 147, 133, 588, 585, 586, 568, 570, 581, 569, 587, 593, 589, 605, 607, 152, 151, 140, 137, 136, 606, 582, 122, 167, 166, 123, 124, 125, 168, 169, 171, 145, 148, 146, 601, 583, 579, 577, 576, 566, 584, 578, 575, 567, 571, 554, 555, 556, 543, 188, 257, 264, 522, 265, 268, 523, 580, 603, 158, 618, 636, 620, 634, 633, 628, 625, 666, 675, 643, 641, 645, 644, 651, 116, 106, 77, 107, 49, 50, 58, 51, 56, 54, 53, 71, 72, 52, 73, 110, 114, 63, 84, 82, 115, 70, 103, 69, 62, 83, 85, 414, 409, 413, 408, 292, 407, 293, 461, 460, 412, 457, 105, 57, 55, 60, 61, 104, 59, 76, 75, 112, 113, 74, 109, 67, 108, 111, 68, 89, 100, 99, 16, 14, 5, 719, 699, 718, 707, 706, 717, 708, 7, 716, 6, 709, 8, 9, 15, 18, 19, 97, 86, 101, 87, 88, 96, 694, 93, 95, 686, 30, 29, 46, 37, 688, 687, 44, 38, 43, 28, 24, 20, 696, 720, 10, 1, 714, 721, 693, 2, 3, 712, 702, 692, 697, 703, 711, 722, 23, 36, 685, 32, 35, 34, 678, 663, 662, 659, 623, 665, 92, 81, 64, 33, 66, 65, 690, 691, 21, 695, 698, 102, 701, 710, 715, 704, 4, 713, 705, 700, 642, 639, 638, 646, 637, 652, 602, 196, 197, 526, 520, 208, 221, 511, 249, 252, 212, 213, 508, 507, 259, 260, 263, 262, 524, 261, 248, 503, 509, 499, 493, 492, 339, 341, 340, 348, 494, 350, 349, 345, 215, 222, 224, 225, 223, 518, 256, 195, 198, 200, 204, 245, 244, 254, 243, 217, 214, 228, 229, 230, 325, 326, 333, 327, 319, 231, 232, 233, 239, 234, 241, 205, 236, 199, 202, 201, 203, 537, 269, 190, 534, 532, 531, 535, 538, 536, 218, 530, 527, 539, 528, 540, 545, 546, 563, 548, 560, 551, 562, 561, 595, 592, 597, 174, 183, 144, 143, 141, 165, 164, 153, 159, 157, 608, 156, 604, 172, 173, 175, 177, 182, 180, 179, 178, 176, 181, 590, 599, 533, 529, 564, 559, 90, 237, 240, 242, 226, 216, 238, 329, 320, 354, 355, 303, 356, 321, 330, 227, 219, 512, 253, 206, 334, 335, 336, 235, 515, 516, 519, 517, 498, 495, 481, 480, 478, 477, 486, 295, 416, 415, 485, 441, 451, 462, 312, 488, 359, 363, 475, 476, 296, 489, 479, 487, 490, 491, 41, 0]
Elapsed Time: 34.676963567733765 seconds

----------------------------------------
