---------- Dataset: ./data/rd400.tsp - Number of vertices: 400 ----------
Branch and Bound:
Cost: 212760.38720795754
Solution: [  0 399 398 397 396 395 394 393 392 391 390 389 388 387 386 385 384 383
 382 381 380 379 378 377 376 375 374 373 372 371 370 369 368 367 366 365
 364 363 362 361 360 359 358 357 356 355 354 353 352 351 350 349 348 347
 346 345 344 343 342 341 340 339 338 337 336 335 334 333 332 331 330 329
 328 327 326 325 324 323 322 321 320 319 318 317 316 315 314 313 312 311
 310 309 308 307 306 305 304 303 302 301 300 299 298 297 296 295 294 293
 292 291 290 289 288 287 286 285 284 283 282 281 280 279 278 277 276 275
 274 273 272 271 270 269 268 267 266 265 264 263 262 261 260 259 258 257
 256 255 254 253 252 251 250 249 248 247 246 245 244 243 242 241 240 239
 238 237 236 235 234 233 232 231 230 229 228 227 226 225 224 223 222 221
 220 219 218 217 216 215 214 213 212 211 210 209 208 207 206 205 204 203
 202 201 200 199 198 197 196 195 194 193 192 191 190 189 188 187 186 185
 184 183 182 181 180 179 178 177 176 175 174 173 172 171 170 169 168 167
 166 165 164 163 162 161 160 159 158 157 156 155 154 153 152 151 150 149
 148 147 146 145 144 143 142 141 140 139 138 137 136 135 134 133 132 131
 130 129 128 127 126 125 124 123 122 121 120 119 118 117 116 115 114 113
 112 111 110 109 108 107 106 105 104 103 102 101 100  99  98  97  96  95
  94  93  92  91  90  89  88  87  86  85  84  83  82  81  80  79  78  77
  76  75  74  73  72  71  70  69  68  67  66  65  64  63  62  61  60  59
  58  57  56  55  54  53  52  51  50  49  48  47  46  45  44  43  42  41
  40  39  38  37  36  35  34  33  32  31  30  29  28  27  26  25  24  23
  22  21  20  19  18  17  16  15  14  13  12   8   5   6  10   1   4   2
   9  11   7   3   0]
Elapsed Time: 1800.0321493148804 seconds

Twice Around the Tree:
Cost: 20978.22744376571
Solution: [0, 3, 168, 44, 160, 33, 285, 257, 236, 346, 177, 213, 284, 201, 215, 335, 116, 185, 16, 66, 204, 356, 154, 235, 262, 237, 50, 164, 231, 89, 382, 101, 260, 224, 161, 312, 348, 78, 374, 120, 228, 174, 144, 180, 43, 37, 238, 54, 167, 39, 108, 263, 111, 379, 245, 351, 132, 248, 127, 7, 334, 90, 148, 337, 192, 398, 318, 258, 314, 113, 391, 286, 243, 87, 184, 126, 70, 40, 342, 152, 339, 242, 186, 311, 86, 277, 347, 355, 388, 330, 199, 24, 28, 196, 368, 94, 52, 397, 162, 173, 380, 83, 64, 365, 358, 155, 158, 84, 307, 189, 251, 210, 233, 394, 53, 399, 288, 198, 76, 283, 316, 172, 12, 18, 23, 239, 97, 287, 383, 297, 163, 267, 305, 88, 281, 128, 25, 327, 166, 119, 246, 221, 114, 303, 38, 294, 308, 255, 200, 8, 202, 274, 272, 55, 136, 338, 156, 299, 306, 157, 129, 310, 250, 112, 141, 61, 328, 253, 344, 59, 361, 31, 58, 223, 244, 362, 99, 10, 349, 100, 395, 319, 67, 252, 47, 123, 22, 190, 205, 34, 270, 183, 35, 118, 153, 71, 278, 322, 122, 46, 275, 396, 75, 68, 29, 14, 20, 300, 315, 117, 195, 106, 159, 63, 150, 5, 57, 48, 341, 212, 229, 345, 378, 135, 390, 41, 340, 6, 343, 109, 326, 292, 147, 357, 91, 366, 21, 65, 146, 289, 370, 214, 19, 367, 165, 273, 81, 269, 385, 98, 103, 142, 333, 302, 309, 369, 290, 230, 169, 217, 26, 125, 11, 42, 375, 130, 320, 62, 296, 317, 247, 354, 104, 170, 293, 193, 32, 323, 60, 234, 93, 240, 80, 69, 363, 133, 171, 187, 139, 73, 218, 96, 216, 181, 232, 17, 304, 364, 393, 49, 82, 295, 151, 179, 203, 191, 209, 266, 332, 149, 137, 45, 85, 182, 371, 282, 324, 301, 176, 143, 197, 77, 321, 276, 350, 373, 291, 207, 219, 74, 36, 377, 27, 268, 249, 222, 387, 261, 124, 9, 188, 145, 241, 30, 352, 51, 13, 140, 259, 79, 227, 225, 280, 4, 254, 265, 134, 92, 2, 206, 360, 15, 392, 372, 329, 386, 194, 313, 389, 115, 331, 131, 271, 211, 72, 381, 376, 336, 279, 175, 220, 110, 325, 105, 226, 256, 107, 95, 102, 178, 56, 353, 359, 298, 384, 138, 1, 121, 208, 264, 0]
Elapsed Time: 8.195177555084229 seconds

Christofides:
Cost: 23617.238046635648
Solution: [0, 3, 168, 44, 160, 33, 285, 236, 257, 346, 177, 213, 284, 201, 215, 335, 116, 185, 16, 66, 204, 356, 154, 235, 262, 237, 50, 88, 305, 267, 316, 172, 12, 18, 23, 239, 97, 287, 41, 390, 117, 195, 106, 159, 63, 150, 5, 57, 48, 341, 212, 229, 345, 378, 118, 35, 183, 153, 71, 322, 278, 270, 34, 205, 46, 122, 252, 47, 123, 22, 190, 67, 319, 395, 100, 349, 112, 141, 61, 328, 253, 59, 344, 361, 31, 58, 223, 244, 362, 99, 10, 271, 331, 131, 389, 115, 313, 194, 386, 329, 92, 2, 206, 360, 15, 392, 372, 145, 188, 9, 124, 241, 30, 220, 175, 377, 27, 268, 249, 222, 387, 261, 36, 74, 219, 230, 169, 217, 26, 125, 11, 42, 375, 130, 320, 62, 296, 317, 247, 354, 104, 170, 293, 323, 32, 193, 60, 234, 93, 240, 80, 69, 363, 133, 171, 187, 139, 73, 218, 96, 379, 263, 39, 108, 167, 54, 238, 37, 43, 120, 374, 78, 348, 228, 174, 144, 180, 318, 191, 203, 179, 295, 49, 82, 393, 17, 232, 181, 216, 304, 364, 398, 337, 148, 90, 334, 7, 127, 192, 151, 209, 258, 312, 161, 224, 260, 101, 382, 231, 89, 164, 314, 113, 391, 286, 245, 351, 132, 248, 370, 146, 65, 21, 256, 107, 95, 102, 178, 56, 336, 376, 79, 227, 225, 280, 4, 254, 265, 134, 211, 72, 381, 264, 121, 1, 138, 384, 298, 359, 353, 208, 259, 140, 13, 51, 352, 279, 202, 274, 272, 55, 136, 338, 156, 299, 306, 157, 129, 310, 250, 275, 396, 75, 68, 29, 14, 20, 300, 315, 340, 6, 343, 109, 147, 292, 326, 357, 91, 366, 214, 19, 367, 165, 273, 81, 105, 325, 269, 385, 98, 103, 142, 111, 333, 302, 309, 369, 290, 110, 226, 289, 266, 332, 149, 137, 45, 85, 182, 371, 282, 301, 324, 176, 143, 197, 77, 321, 276, 162, 24, 28, 196, 368, 94, 52, 397, 189, 307, 158, 84, 358, 155, 365, 64, 83, 380, 173, 199, 330, 388, 355, 186, 242, 339, 152, 126, 70, 40, 342, 184, 87, 243, 251, 311, 86, 277, 347, 291, 373, 350, 207, 135, 297, 383, 163, 210, 283, 76, 198, 394, 53, 399, 288, 233, 281, 128, 25, 327, 166, 294, 38, 303, 114, 221, 246, 119, 308, 255, 8, 200, 0]
Elapsed Time: 4.524253845214844 seconds

----------------------------------------
