---------- Dataset: ./data/kroC100.tsp - Number of vertices: 100 ----------
Branch and Bound:
Cost: 172850.91961141155
Solution: [ 0 99 98 97 96 95 94 93 92 91 90 89 88 87 86 85 84 83 82 81 80 79 78 77
 76 75 74 73 72 71 70 69 68 67 66 65 64 63 62 61 60 59 58 57 56 55 54 53
 52 51 50 49 48 47 46 45 44 43 42 41 40 39 38 37 36 35 34 33 32 31 30 29
 28 27 26 25 24 23 22 21 20 19 18 17 16 15 14 13 11  6  8 10  9  3  2  1
  4  7  5 12  0]
Elapsed Time: 1800.0050501823425 seconds

Twice Around the Tree:
Cost: 27632.821753595697
Solution: [0, 52, 84, 26, 14, 12, 78, 63, 19, 54, 41, 66, 30, 46, 5, 53, 74, 21, 7, 16, 24, 89, 33, 57, 97, 87, 27, 37, 55, 4, 42, 85, 70, 71, 49, 94, 93, 90, 69, 22, 20, 88, 40, 58, 2, 72, 34, 1, 67, 29, 75, 82, 61, 38, 64, 79, 76, 39, 11, 45, 28, 17, 48, 92, 3, 59, 98, 18, 91, 9, 35, 13, 56, 73, 68, 99, 32, 44, 80, 96, 36, 15, 62, 43, 65, 47, 83, 10, 51, 95, 86, 50, 60, 25, 77, 8, 81, 6, 31, 23, 0]
Elapsed Time: 0.15912175178527832 seconds

Christofides:
Cost: 31493.805882902365
Solution: [0, 52, 26, 14, 12, 78, 63, 19, 54, 41, 66, 30, 22, 20, 88, 40, 58, 2, 72, 68, 73, 35, 9, 91, 98, 18, 92, 3, 59, 6, 81, 77, 8, 25, 60, 23, 31, 36, 15, 62, 43, 65, 47, 83, 10, 51, 95, 86, 96, 80, 44, 32, 99, 50, 28, 17, 48, 45, 11, 39, 13, 56, 34, 1, 67, 29, 76, 79, 64, 69, 75, 90, 93, 94, 49, 71, 61, 82, 70, 37, 27, 38, 87, 97, 57, 33, 89, 24, 16, 7, 21, 74, 53, 5, 46, 55, 4, 42, 85, 84, 0]
Elapsed Time: 0.155625581741333 seconds

----------------------------------------
