---------- Dataset: ./data/d493.tsp - Number of vertices: 493 ----------
Branch and Bound:
Cost: 113466.96567196748
Solution: [  0 492 491 490 489 488 487 486 485 484 483 482 481 480 479 478 477 476
 475 474 473 472 471 470 469 468 467 466 465 464 463 462 461 460 459 458
 457 456 455 454 453 452 451 450 449 448 447 446 445 444 443 442 441 440
 439 438 437 436 435 434 433 432 431 430 429 428 427 426 425 424 423 422
 421 420 419 418 417 416 415 414 413 412 411 410 409 408 407 406 405 404
 403 402 401 400 399 398 397 396 395 394 393 392 391 390 389 388 387 386
 385 384 383 382 381 380 379 378 377 376 375 374 373 372 371 370 369 368
 367 366 365 364 363 362 361 360 359 358 357 356 355 354 353 352 351 350
 349 348 347 346 345 344 343 342 341 340 339 338 337 336 335 334 333 332
 331 330 329 328 327 326 325 324 323 322 321 320 319 318 317 316 315 314
 313 312 311 310 309 308 307 306 305 304 303 302 301 300 299 298 297 296
 295 294 293 292 291 290 289 288 287 286 285 284 283 282 281 280 279 278
 277 276 275 274 273 272 271 270 269 268 267 266 265 264 263 262 261 260
 259 258 257 256 255 254 253 252 251 250 249 248 247 246 245 244 243 242
 241 240 239 238 237 236 235 234 233 232 231 230 229 228 227 226 225 224
 223 222 221 220 219 218 217 216 215 214 213 212 211 210 209 208 207 206
 205 204 203 202 201 200 199 198 197 196 195 194 193 192 191 190 189 188
 187 186 185 184 183 182 181 180 179 178 177 176 175 174 173 172 171 170
 169 168 167 166 165 164 163 162 161 160 159 158 157 156 155 154 153 152
 151 150 149 148 147 146 145 144 143 142 141 140 139 138 137 136 135 134
 133 132 131 130 129 128 127 126 125 124 123 122 121 120 119 118 117 116
 115 114 113 112 111 110 109 108 107 106 105 104 103 102 101 100  99  98
  97  96  95  94  93  92  91  90  89  88  87  86  85  84  83  82  81  80
  79  78  77  76  75  74  73  72  71  70  69  68  67  66  65  64  63  62
  61  60  59  58  57  56  55  54  53  52  51  50  49  48  47  46  45  44
  43  42  41  40  39  38  37  36  35  34  33  32  31  30  29  28  27  26
  25  24  23  22  21  20  19  18  17  16  15  14  13  12  11   7   6  10
   9   8   5   4   3   1   2   0]
Elapsed Time: 1800.4941170215607 seconds

Twice Around the Tree:
Cost: 46216.84895669126
Solution: [0, 1, 2, 3, 4, 5, 6, 7, 10, 9, 8, 11, 18, 16, 15, 14, 13, 12, 52, 56, 55, 54, 53, 57, 58, 59, 63, 85, 84, 83, 62, 61, 60, 82, 79, 77, 73, 72, 71, 70, 80, 69, 67, 68, 66, 65, 81, 78, 76, 75, 74, 95, 86, 115, 127, 121, 125, 120, 124, 128, 131, 135, 136, 134, 130, 126, 122, 119, 114, 113, 109, 101, 94, 92, 91, 90, 93, 99, 100, 97, 96, 87, 88, 89, 98, 105, 104, 107, 111, 112, 118, 116, 106, 132, 133, 137, 129, 139, 141, 143, 147, 146, 145, 155, 159, 158, 153, 151, 144, 161, 166, 165, 178, 184, 188, 185, 179, 173, 175, 174, 180, 172, 169, 162, 160, 154, 148, 170, 189, 200, 209, 215, 208, 224, 223, 20, 234, 265, 268, 300, 21, 22, 23, 30, 29, 28, 27, 26, 31, 32, 33, 34, 35, 37, 36, 38, 39, 40, 41, 44, 46, 45, 42, 43, 47, 48, 49, 51, 50, 193, 197, 196, 214, 229, 221, 235, 230, 222, 210, 207, 205, 211, 216, 212, 218, 220, 206, 202, 201, 183, 181, 171, 168, 203, 199, 191, 187, 194, 192, 176, 164, 156, 150, 142, 157, 182, 177, 213, 225, 195, 198, 204, 190, 186, 167, 163, 152, 140, 123, 117, 110, 103, 102, 108, 219, 226, 227, 228, 233, 232, 237, 244, 243, 242, 241, 255, 256, 257, 258, 259, 260, 261, 262, 263, 278, 279, 280, 281, 282, 283, 284, 285, 286, 289, 290, 291, 292, 293, 294, 295, 311, 312, 308, 313, 305, 288, 303, 298, 277, 270, 266, 240, 272, 309, 322, 336, 349, 348, 357, 351, 340, 324, 316, 344, 325, 296, 275, 271, 267, 254, 297, 276, 239, 304, 341, 333, 370, 369, 368, 397, 390, 381, 389, 396, 410, 363, 376, 388, 408, 423, 424, 431, 430, 442, 457, 460, 462, 464, 469, 466, 468, 467, 470, 471, 465, 463, 461, 456, 428, 24, 421, 422, 25, 391, 384, 398, 317, 329, 342, 356, 367, 380, 395, 320, 332, 345, 359, 373, 382, 399, 326, 328, 321, 337, 352, 364, 377, 392, 385, 374, 358, 407, 406, 405, 404, 403, 402, 401, 386, 379, 366, 354, 343, 330, 318, 302, 299, 301, 287, 274, 269, 273, 306, 319, 315, 331, 346, 347, 371, 361, 334, 490, 491, 360, 372, 383, 400, 420, 425, 426, 427, 394, 489, 487, 486, 484, 483, 481, 478, 475, 474, 473, 492, 429, 488, 485, 455, 454, 441, 453, 452, 451, 450, 449, 448, 447, 446, 445, 433, 434, 435, 436, 437, 438, 439, 440, 444, 443, 432, 458, 459, 482, 480, 472, 479, 477, 476, 314, 327, 338, 353, 365, 378, 393, 310, 323, 335, 350, 362, 375, 387, 409, 307, 339, 355, 418, 417, 416, 415, 414, 413, 412, 411, 419, 245, 246, 247, 248, 249, 250, 251, 236, 231, 252, 253, 238, 264, 217, 149, 138, 64, 17, 19, 0]
Elapsed Time: 10.974729776382446 seconds

Christofides:
Cost: 47015.22139106686
Solution: [0, 1, 2, 3, 4, 5, 6, 7, 8, 9, 10, 11, 18, 16, 15, 14, 13, 12, 52, 56, 55, 54, 53, 64, 57, 58, 59, 63, 85, 83, 62, 61, 60, 65, 66, 68, 67, 69, 80, 79, 77, 73, 72, 71, 70, 74, 75, 76, 78, 81, 95, 82, 84, 86, 115, 127, 121, 125, 120, 124, 128, 131, 135, 136, 134, 130, 126, 122, 119, 114, 113, 109, 101, 94, 92, 91, 90, 93, 99, 100, 97, 96, 87, 88, 89, 98, 105, 106, 116, 118, 112, 111, 107, 104, 132, 133, 137, 129, 141, 139, 143, 147, 146, 145, 144, 151, 153, 158, 159, 155, 161, 166, 165, 178, 184, 188, 185, 179, 173, 175, 174, 180, 20, 223, 209, 200, 189, 215, 208, 239, 276, 297, 267, 254, 271, 275, 296, 325, 344, 341, 333, 381, 390, 397, 368, 369, 370, 351, 340, 324, 316, 349, 336, 322, 309, 298, 277, 270, 266, 240, 321, 328, 326, 313, 305, 288, 256, 243, 242, 241, 233, 228, 227, 226, 218, 212, 216, 211, 207, 205, 210, 222, 217, 230, 235, 229, 214, 197, 196, 221, 220, 206, 202, 201, 183, 181, 171, 168, 149, 203, 199, 191, 187, 194, 192, 176, 164, 156, 150, 142, 108, 102, 103, 110, 117, 123, 140, 152, 163, 167, 186, 190, 157, 182, 177, 213, 225, 195, 198, 204, 231, 236, 251, 250, 249, 248, 247, 246, 245, 244, 237, 232, 252, 253, 238, 269, 274, 273, 287, 301, 299, 302, 307, 311, 294, 293, 292, 291, 290, 289, 278, 279, 280, 281, 282, 283, 284, 285, 286, 346, 331, 319, 306, 315, 347, 371, 361, 334, 490, 491, 360, 372, 383, 400, 420, 425, 393, 378, 365, 353, 338, 327, 314, 426, 394, 427, 489, 487, 486, 484, 483, 481, 478, 475, 474, 473, 472, 480, 452, 440, 439, 438, 437, 436, 435, 434, 433, 445, 444, 443, 432, 459, 458, 446, 447, 448, 449, 450, 451, 482, 453, 454, 441, 455, 485, 476, 477, 479, 488, 429, 492, 308, 312, 295, 318, 330, 343, 339, 355, 354, 366, 379, 386, 401, 402, 403, 404, 405, 406, 407, 385, 358, 374, 392, 377, 364, 352, 337, 409, 387, 375, 362, 350, 335, 323, 310, 418, 417, 416, 415, 414, 413, 412, 411, 399, 382, 373, 359, 345, 332, 320, 419, 264, 263, 262, 261, 260, 259, 258, 257, 219, 255, 303, 317, 329, 342, 356, 367, 380, 395, 396, 389, 410, 272, 348, 357, 363, 376, 388, 408, 423, 424, 431, 430, 442, 457, 460, 462, 464, 469, 466, 468, 467, 470, 471, 465, 463, 461, 456, 428, 24, 421, 422, 25, 26, 27, 28, 29, 30, 23, 22, 21, 300, 268, 265, 234, 32, 33, 34, 35, 37, 36, 38, 39, 51, 48, 47, 43, 42, 45, 46, 44, 41, 40, 50, 49, 31, 384, 391, 398, 304, 224, 172, 169, 162, 160, 154, 148, 170, 193, 138, 17, 19, 0]
Elapsed Time: 10.055907964706421 seconds

----------------------------------------
