---------- Dataset: ./data/eil76.tsp - Number of vertices: 76 ----------
Branch and Bound:
Cost: 1870.190259886142
Solution: [ 0 75 74 73 72 71 70 69 68 67 66 65 64 63 62 61 60 59 58 57 56 55 54 53
 52 51 50 49 48 47 46 45 44 43 42 41 40 39 38 37 36 35 34 33 32 31 30 29
 28 27 26 25 24 23 22 21 20 19 18 17 16 15 14 13 10  9  8  2 11  6  7 12
  4  3  5  1  0]
Elapsed Time: 1800.0026845932007 seconds

Twice Around the Tree:
Cost: 749.2749518743223
Solution: [0, 42, 40, 41, 63, 72, 32, 62, 15, 48, 23, 22, 55, 61, 21, 27, 60, 73, 29, 1, 47, 28, 4, 14, 56, 36, 19, 69, 59, 70, 44, 26, 12, 53, 51, 33, 45, 7, 34, 6, 18, 52, 10, 64, 37, 9, 30, 57, 71, 38, 8, 31, 43, 2, 49, 17, 24, 54, 65, 13, 58, 66, 25, 75, 74, 3, 67, 5, 50, 16, 39, 11, 46, 20, 35, 68, 0]
Elapsed Time: 0.061962127685546875 seconds

Christofides:
Cost: 736.8101114146029
Solution: [0, 42, 40, 41, 63, 60, 27, 21, 61, 72, 32, 62, 15, 48, 23, 54, 24, 49, 17, 31, 2, 43, 8, 38, 71, 57, 9, 30, 37, 64, 10, 52, 6, 34, 7, 45, 33, 51, 26, 12, 53, 18, 44, 28, 4, 14, 56, 36, 19, 69, 59, 70, 68, 35, 46, 20, 47, 29, 1, 73, 58, 13, 66, 25, 11, 39, 16, 50, 5, 67, 74, 3, 75, 65, 22, 55, 0]
Elapsed Time: 0.07000613212585449 seconds

----------------------------------------
