---------- Dataset: ./data/pcb442.tsp - Number of vertices: 442 ----------
Branch and Bound:
Cost: 221435.5554674975
Solution: [  0 441 440 439 438 437 436 435 434 433 432 431 430 429 428 427 426 425
 424 423 422 421 420 419 418 417 416 415 414 413 412 411 410 409 408 407
 406 405 404 403 402 401 400 399 398 397 396 395 394 393 392 391 390 389
 388 387 386 385 384 383 382 381 380 379 378 377 376 375 374 373 372 371
 370 369 368 367 366 365 364 363 362 361 360 359 358 357 356 355 354 353
 352 351 350 349 348 347 346 345 344 343 342 341 340 339 338 337 336 335
 334 333 332 331 330 329 328 327 326 325 324 323 322 321 320 319 318 317
 316 315 314 313 312 311 310 309 308 307 306 305 304 303 302 301 300 299
 298 297 296 295 294 293 292 291 290 289 288 287 286 285 284 283 282 281
 280 279 278 277 276 275 274 273 272 271 270 269 268 267 266 265 264 263
 262 261 260 259 258 257 256 255 254 253 252 251 250 249 248 247 246 245
 244 243 242 241 240 239 238 237 236 235 234 233 232 231 230 229 228 227
 226 225 224 223 222 221 220 219 218 217 216 215 214 213 212 211 210 209
 208 207 206 205 204 203 202 201 200 199 198 197 196 195 194 193 192 191
 190 189 188 187 186 185 184 183 182 181 180 179 178 177 176 175 174 173
 172 171 170 169 168 167 166 165 164 163 162 161 160 159 158 157 156 155
 154 153 152 151 150 149 148 147 146 145 144 143 142 141 140 139 138 137
 136 135 134 133 132 131 130 129 128 127 126 125 124 123 122 121 120 119
 118 117 116 115 114 113 112 111 110 109 108 107 106 105 104 103 102 101
 100  99  98  97  96  95  94  93  92  91  90  89  88  87  86  85  84  83
  82  81  80  79  78  77  76  75  74  73  72  71  70  69  68  67  66  65
  64  63  62  61  60  59  58  57  56  55  54  53  52  51  50  49  48  47
  46  45  44  43  42  41  40  39  38  37  36  35  34  33  32  31  30  29
  28  27  26  25  24  23  22  21  20  19  18  17  16  15  14  13  12  11
  10   9   8   7   6   5   4   3   2   1   0]
Elapsed Time: 1800.0462846755981 seconds

Twice Around the Tree:
Cost: 71280.82747218171
Solution: [0, 1, 2, 3, 4, 5, 6, 7, 8, 9, 10, 11, 12, 13, 14, 15, 16, 17, 18, 19, 20, 21, 22, 23, 24, 25, 26, 27, 28, 29, 30, 31, 64, 375, 376, 32, 63, 62, 94, 378, 95, 379, 96, 97, 61, 93, 60, 92, 100, 435, 111, 123, 133, 146, 158, 169, 182, 197, 208, 218, 410, 225, 219, 209, 198, 183, 170, 159, 147, 134, 124, 112, 382, 383, 409, 413, 236, 264, 59, 91, 58, 90, 57, 89, 56, 88, 55, 54, 86, 377, 87, 381, 108, 119, 130, 142, 155, 166, 179, 191, 192, 203, 215, 224, 232, 393, 394, 178, 397, 177, 165, 154, 141, 129, 118, 107, 190, 189, 201, 401, 200, 188, 176, 164, 153, 140, 128, 117, 106, 139, 138, 127, 116, 104, 105, 152, 162, 175, 187, 199, 212, 211, 220, 210, 402, 228, 221, 229, 392, 163, 396, 213, 222, 230, 202, 214, 223, 231, 387, 389, 384, 120, 121, 109, 131, 144, 143, 390, 156, 167, 180, 193, 204, 205, 194, 195, 196, 181, 168, 157, 145, 132, 122, 110, 207, 217, 206, 216, 403, 408, 407, 411, 259, 258, 257, 256, 255, 254, 253, 252, 251, 250, 249, 414, 248, 247, 246, 245, 244, 243, 242, 241, 240, 417, 416, 260, 261, 262, 235, 263, 415, 267, 419, 271, 422, 274, 436, 437, 418, 421, 412, 380, 53, 85, 52, 84, 51, 83, 50, 82, 438, 49, 81, 48, 80, 47, 79, 99, 46, 78, 45, 77, 44, 76, 98, 43, 75, 42, 74, 41, 73, 40, 72, 39, 71, 38, 70, 37, 69, 36, 68, 35, 67, 34, 66, 33, 65, 101, 102, 113, 125, 135, 148, 160, 171, 184, 399, 404, 226, 233, 237, 238, 265, 268, 269, 270, 266, 239, 234, 227, 405, 400, 406, 273, 276, 425, 279, 282, 283, 284, 285, 286, 287, 288, 289, 290, 291, 292, 293, 294, 295, 277, 296, 297, 298, 299, 300, 301, 302, 303, 304, 305, 330, 331, 332, 333, 306, 334, 335, 426, 336, 337, 431, 329, 328, 327, 326, 430, 325, 324, 323, 428, 322, 429, 321, 320, 319, 318, 317, 316, 315, 314, 313, 423, 420, 424, 312, 311, 339, 310, 309, 338, 432, 347, 346, 345, 348, 349, 350, 351, 342, 352, 353, 354, 433, 355, 356, 357, 434, 358, 359, 360, 343, 361, 362, 363, 364, 365, 366, 344, 367, 368, 369, 370, 371, 372, 373, 374, 308, 307, 439, 272, 275, 278, 280, 281, 427, 341, 340, 440, 385, 114, 103, 386, 388, 126, 136, 149, 150, 151, 391, 137, 115, 161, 172, 173, 395, 398, 186, 174, 185, 441, 0]
Elapsed Time: 9.544715642929077 seconds

Christofides:
Cost: 73561.61297304532
Solution: [0, 1, 2, 3, 4, 5, 6, 7, 8, 9, 10, 11, 12, 13, 14, 15, 16, 17, 18, 19, 20, 21, 22, 23, 24, 25, 26, 27, 28, 29, 30, 31, 64, 63, 375, 376, 32, 97, 96, 379, 95, 378, 94, 62, 61, 93, 110, 122, 132, 145, 157, 168, 181, 196, 195, 194, 205, 204, 193, 180, 167, 156, 144, 131, 121, 109, 120, 384, 108, 119, 130, 142, 155, 166, 179, 191, 192, 203, 215, 224, 232, 231, 223, 214, 202, 190, 189, 201, 401, 200, 188, 176, 164, 153, 140, 115, 137, 391, 151, 150, 149, 136, 126, 385, 114, 103, 101, 65, 33, 102, 113, 125, 135, 148, 160, 171, 184, 399, 404, 226, 233, 237, 238, 265, 268, 269, 270, 240, 241, 242, 243, 244, 245, 246, 247, 248, 414, 249, 250, 251, 252, 253, 254, 255, 256, 257, 258, 259, 260, 261, 262, 235, 263, 415, 267, 419, 271, 422, 274, 436, 421, 418, 437, 411, 407, 408, 403, 216, 412, 416, 417, 266, 239, 234, 227, 405, 400, 402, 210, 220, 211, 212, 199, 187, 175, 162, 152, 138, 127, 116, 104, 105, 106, 117, 128, 139, 392, 174, 186, 398, 395, 173, 172, 161, 185, 221, 229, 228, 406, 273, 276, 425, 279, 282, 283, 284, 285, 286, 287, 288, 289, 290, 291, 292, 293, 294, 295, 277, 319, 296, 297, 298, 299, 300, 301, 302, 303, 304, 305, 330, 331, 332, 333, 306, 334, 335, 426, 336, 337, 374, 373, 372, 371, 370, 369, 368, 367, 366, 344, 365, 364, 363, 362, 361, 343, 360, 359, 358, 434, 357, 356, 355, 433, 354, 353, 352, 342, 351, 350, 349, 348, 432, 338, 309, 345, 346, 347, 431, 329, 430, 326, 328, 327, 325, 324, 323, 428, 424, 420, 423, 322, 429, 321, 320, 318, 317, 316, 315, 314, 313, 312, 311, 339, 310, 308, 307, 340, 341, 427, 281, 280, 278, 275, 272, 439, 441, 440, 386, 388, 163, 396, 213, 222, 230, 397, 177, 165, 154, 141, 129, 118, 107, 438, 82, 50, 178, 394, 393, 389, 387, 381, 377, 86, 54, 87, 380, 143, 390, 383, 382, 112, 124, 134, 147, 159, 170, 183, 198, 209, 219, 225, 410, 218, 208, 197, 182, 169, 158, 146, 133, 123, 111, 435, 100, 92, 60, 409, 264, 236, 413, 206, 207, 217, 59, 91, 90, 58, 57, 89, 88, 56, 55, 85, 53, 52, 84, 83, 51, 49, 81, 80, 48, 47, 79, 99, 98, 76, 44, 46, 78, 77, 45, 43, 75, 74, 42, 41, 73, 72, 40, 39, 71, 70, 38, 37, 69, 68, 36, 35, 67, 66, 34, 0]
Elapsed Time: 5.892185688018799 seconds

----------------------------------------
