---------- Dataset: ./data/rat575.tsp - Number of vertices: 575 ----------
Branch and Bound:
Cost: 12952.245504755405
Solution: [  0 574 573 572 571 570 569 568 567 566 565 564 563 562 561 560 559 558
 557 556 555 554 553 552 551 550 549 548 547 546 545 544 543 542 541 540
 539 538 537 536 535 534 533 532 531 530 529 528 527 526 525 524 523 522
 521 520 519 518 517 516 515 514 513 512 511 510 509 508 507 506 505 504
 503 502 501 500 499 498 497 496 495 494 493 492 491 490 489 488 487 486
 485 484 483 482 481 480 479 478 477 476 475 474 473 472 471 470 469 468
 467 466 465 464 463 462 461 460 459 458 457 456 455 454 453 452 451 450
 449 448 447 446 445 444 443 442 441 440 439 438 437 436 435 434 433 432
 431 430 429 428 427 426 425 424 423 422 421 420 419 418 417 416 415 414
 413 412 411 410 409 408 407 406 405 404 403 402 401 400 399 398 397 396
 395 394 393 392 391 390 389 388 387 386 385 384 383 382 381 380 379 378
 377 376 375 374 373 372 371 370 369 368 367 366 365 364 363 362 361 360
 359 358 357 356 355 354 353 352 351 350 349 348 347 346 345 344 343 342
 341 340 339 338 337 336 335 334 333 332 331 330 329 328 327 326 325 324
 323 322 321 320 319 318 317 316 315 314 313 312 311 310 309 308 307 306
 305 304 303 302 301 300 299 298 297 296 295 294 293 292 291 290 289 288
 287 286 285 284 283 282 281 280 279 278 277 276 275 274 273 272 271 270
 269 268 267 266 265 264 263 262 261 260 259 258 257 256 255 254 253 252
 251 250 249 248 247 246 245 244 243 242 241 240 239 238 237 236 235 234
 233 232 231 230 229 228 227 226 225 224 223 222 221 220 219 218 217 216
 215 214 213 212 211 210 209 208 207 206 205 204 203 202 201 200 199 198
 197 196 195 194 193 192 191 190 189 188 187 186 185 184 183 182 181 180
 179 178 177 176 175 174 173 172 171 170 169 168 167 166 165 164 163 162
 161 160 159 158 157 156 155 154 153 152 151 150 149 148 147 146 145 144
 143 142 141 140 139 138 137 136 135 134 133 132 131 130 129 128 127 126
 125 124 123 122 121 120 119 118 117 116 115 114 113 112 111 110 109 108
 107 106 105 104 103 102 101 100  99  98  97  96  95  94  93  92  91  90
  89  88  87  86  85  84  83  82  81  80  79  78  77  76  75  74  73  72
  71  70  69  68  67  66  65  64  63  62  61  60  59  58  57  56  55  54
  53  52  51  50  49  48  47  46  45  44  43  42  41  40  39  38  37  36
  35  34  33  32  31  30  29  28  27  26  25  24  23  22  21  20  19  18
  17  16  15  14  13  12  11  10   9   8   7   6   5   4   3   2   1   0]
Elapsed Time: 1800.0879724025726 seconds

Twice Around the Tree:
Cost: 9476.157521707097
Solution: [0, 24, 23, 47, 48, 71, 70, 69, 46, 92, 93, 94, 116, 115, 117, 140, 141, 142, 143, 120, 119, 118, 121, 145, 146, 123, 122, 98, 97, 74, 96, 95, 100, 99, 77, 53, 54, 55, 56, 57, 34, 12, 11, 13, 33, 10, 9, 8, 32, 31, 30, 29, 7, 6, 5, 52, 51, 28, 27, 4, 3, 2, 1, 26, 25, 58, 35, 36, 37, 38, 15, 14, 16, 39, 40, 41, 18, 17, 42, 19, 20, 44, 43, 45, 22, 21, 60, 59, 81, 82, 83, 84, 105, 104, 103, 80, 102, 101, 125, 124, 128, 106, 107, 108, 109, 130, 131, 132, 154, 153, 152, 151, 150, 127, 129, 155, 156, 179, 178, 202, 201, 200, 176, 175, 174, 173, 177, 61, 62, 63, 64, 65, 66, 67, 68, 91, 88, 87, 89, 112, 90, 111, 110, 133, 113, 114, 137, 86, 85, 79, 78, 76, 75, 147, 148, 126, 149, 172, 171, 170, 169, 168, 167, 144, 166, 165, 164, 163, 162, 161, 139, 138, 184, 193, 192, 191, 190, 194, 216, 215, 214, 213, 235, 212, 211, 188, 187, 186, 185, 208, 207, 189, 210, 209, 232, 231, 255, 233, 234, 257, 258, 259, 260, 261, 285, 262, 263, 286, 282, 283, 284, 305, 306, 329, 304, 327, 307, 330, 331, 308, 309, 310, 311, 312, 333, 334, 332, 354, 353, 355, 356, 357, 378, 377, 379, 380, 328, 281, 256, 279, 278, 277, 301, 300, 299, 324, 323, 322, 345, 346, 347, 348, 349, 325, 326, 350, 351, 352, 373, 372, 371, 394, 393, 392, 369, 370, 391, 368, 374, 375, 396, 395, 418, 417, 397, 398, 399, 376, 400, 401, 424, 425, 426, 427, 428, 405, 404, 381, 383, 403, 402, 406, 407, 430, 431, 432, 433, 434, 435, 436, 413, 459, 429, 448, 449, 450, 451, 472, 471, 470, 447, 446, 423, 422, 445, 467, 444, 443, 466, 442, 441, 440, 464, 463, 462, 439, 438, 416, 415, 414, 437, 461, 460, 483, 484, 485, 465, 489, 488, 487, 510, 486, 508, 507, 506, 509, 511, 490, 468, 469, 491, 513, 515, 492, 493, 494, 495, 518, 517, 540, 516, 539, 519, 520, 521, 522, 523, 501, 500, 499, 477, 502, 524, 525, 503, 504, 480, 479, 526, 527, 528, 505, 548, 549, 543, 542, 541, 564, 563, 562, 561, 538, 537, 514, 536, 512, 535, 534, 556, 533, 532, 531, 530, 529, 555, 554, 553, 552, 557, 559, 558, 560, 566, 544, 545, 546, 547, 569, 568, 570, 571, 572, 573, 550, 574, 551, 567, 565, 473, 474, 475, 452, 476, 453, 454, 455, 456, 457, 458, 481, 482, 478, 496, 497, 498, 421, 420, 419, 302, 303, 280, 253, 230, 254, 276, 236, 237, 238, 239, 240, 217, 218, 219, 220, 196, 195, 197, 198, 199, 221, 242, 243, 244, 266, 265, 264, 241, 289, 288, 287, 267, 268, 245, 222, 246, 247, 248, 224, 223, 226, 225, 271, 249, 250, 273, 272, 274, 251, 252, 229, 227, 228, 205, 204, 203, 180, 181, 182, 159, 136, 135, 134, 157, 158, 160, 206, 183, 275, 298, 270, 269, 291, 292, 314, 313, 290, 315, 316, 317, 295, 294, 293, 296, 297, 320, 319, 318, 342, 341, 364, 363, 340, 339, 338, 337, 336, 335, 359, 360, 361, 384, 382, 358, 362, 385, 365, 366, 367, 389, 412, 388, 411, 410, 387, 409, 386, 408, 390, 343, 344, 321, 72, 73, 50, 49, 0]
Elapsed Time: 17.324676036834717 seconds

Christofides:
Cost: 10146.004888639754
Solution: [0, 1, 2, 3, 4, 25, 26, 27, 28, 51, 52, 30, 8, 9, 10, 32, 31, 33, 34, 12, 11, 13, 14, 15, 16, 21, 22, 45, 44, 20, 19, 42, 18, 17, 41, 40, 39, 43, 38, 37, 36, 35, 58, 57, 56, 55, 54, 53, 77, 75, 76, 99, 100, 122, 98, 97, 74, 96, 95, 49, 50, 73, 72, 71, 48, 47, 23, 24, 70, 69, 46, 5, 6, 7, 29, 92, 93, 94, 116, 115, 138, 139, 161, 162, 163, 164, 165, 166, 167, 144, 168, 169, 170, 171, 172, 149, 148, 126, 147, 146, 123, 124, 125, 102, 101, 103, 80, 104, 105, 83, 82, 81, 59, 60, 61, 62, 63, 64, 65, 66, 67, 68, 91, 90, 112, 89, 88, 87, 111, 110, 133, 158, 157, 134, 135, 136, 159, 160, 182, 181, 180, 203, 204, 205, 183, 206, 228, 229, 227, 252, 251, 274, 273, 250, 249, 271, 247, 246, 245, 222, 268, 267, 266, 243, 242, 219, 218, 217, 240, 239, 238, 237, 236, 235, 211, 188, 187, 186, 185, 208, 207, 190, 191, 192, 193, 194, 216, 215, 214, 213, 189, 210, 209, 232, 231, 255, 233, 234, 257, 258, 259, 260, 261, 285, 262, 263, 287, 288, 289, 265, 241, 264, 286, 282, 283, 284, 305, 306, 329, 304, 327, 328, 307, 330, 331, 308, 309, 310, 311, 312, 357, 356, 355, 332, 354, 353, 352, 351, 350, 349, 325, 326, 348, 347, 346, 345, 322, 323, 324, 300, 299, 370, 369, 392, 368, 391, 393, 394, 371, 372, 373, 374, 375, 376, 399, 398, 397, 396, 395, 418, 417, 419, 420, 421, 400, 401, 424, 425, 426, 404, 381, 383, 384, 360, 359, 336, 335, 337, 338, 339, 340, 363, 362, 385, 408, 386, 409, 387, 410, 411, 388, 412, 389, 366, 365, 364, 341, 342, 318, 319, 320, 297, 296, 295, 272, 294, 293, 298, 275, 317, 316, 315, 314, 290, 313, 292, 291, 321, 343, 344, 367, 390, 358, 382, 361, 403, 402, 380, 379, 378, 377, 405, 406, 407, 430, 431, 432, 433, 434, 435, 436, 413, 459, 429, 428, 427, 448, 449, 450, 451, 473, 472, 471, 470, 447, 446, 422, 423, 445, 467, 444, 443, 466, 442, 441, 440, 464, 463, 462, 439, 438, 416, 415, 414, 137, 114, 113, 437, 461, 460, 483, 484, 485, 465, 489, 488, 487, 511, 510, 486, 508, 507, 506, 557, 556, 532, 531, 530, 529, 552, 553, 554, 555, 533, 534, 535, 536, 512, 537, 514, 538, 561, 560, 562, 563, 564, 541, 542, 543, 520, 498, 497, 496, 519, 518, 495, 494, 493, 492, 515, 491, 490, 468, 469, 513, 516, 540, 517, 539, 521, 522, 523, 501, 500, 499, 477, 479, 480, 504, 503, 525, 524, 526, 527, 528, 505, 482, 481, 458, 457, 456, 455, 454, 453, 476, 475, 452, 474, 478, 548, 549, 551, 574, 550, 573, 572, 571, 570, 569, 546, 545, 544, 566, 565, 567, 547, 568, 502, 558, 559, 509, 301, 277, 278, 279, 256, 281, 280, 303, 302, 333, 334, 253, 230, 254, 276, 212, 220, 196, 195, 173, 174, 175, 176, 200, 201, 202, 178, 179, 156, 155, 154, 132, 131, 130, 107, 106, 128, 108, 109, 85, 86, 129, 127, 150, 151, 152, 153, 177, 225, 226, 248, 224, 223, 221, 198, 197, 199, 244, 269, 270, 84, 145, 121, 120, 119, 118, 143, 142, 141, 140, 117, 184, 78, 79, 0]
Elapsed Time: 17.1626980304718 seconds

----------------------------------------
