---------- Dataset: ./data/fl417.tsp - Number of vertices: 417 ----------
Branch and Bound:
Cost: 54693.9401213582
Solution: [  0 416 415 414 413 412 411 410 409 408 407 406 405 404 403 402 401 400
 399 398 397 396 395 394 393 392 391 390 389 388 387 386 385 384 383 382
 381 380 379 378 377 376 375 374 373 372 371 370 369 368 367 366 365 364
 363 362 361 360 359 358 357 356 355 354 353 352 351 350 349 348 347 346
 345 344 343 342 341 340 339 338 337 336 335 334 333 332 331 330 329 328
 327 326 325 324 323 322 321 320 319 318 317 316 315 314 313 312 311 310
 309 308 307 306 305 304 303 302 301 300 299 298 297 296 295 294 293 292
 291 290 289 288 287 286 285 284 283 282 281 280 279 278 277 276 275 274
 273 272 271 270 269 268 267 266 265 264 263 262 261 260 259 258 257 256
 255 254 253 252 251 250 249 248 247 246 245 244 243 242 241 240 239 238
 237 236 235 234 233 232 231 230 229 228 227 226 225 224 223 222 221 220
 219 218 217 216 215 214 213 212 211 210 209 208 207 206 205 204 203 202
 201 200 199 198 197 196 195 194 193 192 191 190 189 188 187 186 185 184
 183 182 181 180 179 178 177 176 175 174 173 172 171 170 169 168 167 166
 165 164 163 162 161 160 159 158 157 156 155 154 153 152 151 150 149 148
 147 146 145 144 143 142 141 140 139 138 137 136 135 134 133 132 131 130
 129 128 127 126 125 124 123 122 121 120 119 118 117 116 115 114 113 112
 111 110 109 108 107 106 105 104 103 102 101 100  99  98  97  96  95  94
  93  92  91  90  89  88  87  86  85  84  83  82  81  80  79  78  77  76
  75  74  73  72  71  70  69  68  67  66  65  64  63  62  61  60  59  58
  57  56  55  54  53  52  51  50  49  48  47  46  45  44  43  42  41  40
  39  38  37  36  35  34  33  32  31  30  29  28  27  26  25  24  23  22
  21  20  19  18  17  16  15  14  13  12  11  10   8   2   3   1   5   4
   6   9   7   0]
Elapsed Time: 1800.0439884662628 seconds

Twice Around the Tree:
Cost: 16189.205654810286
Solution: [0, 7, 9, 17, 15, 6, 4, 5, 20, 27, 19, 12, 11, 3, 1, 2, 8, 10, 14, 13, 29, 28, 22, 152, 128, 149, 125, 147, 123, 145, 121, 143, 119, 141, 117, 139, 115, 137, 113, 135, 111, 133, 109, 131, 107, 129, 105, 307, 306, 332, 305, 304, 303, 322, 330, 347, 346, 345, 321, 302, 320, 344, 343, 342, 301, 300, 299, 328, 341, 340, 327, 319, 298, 297, 339, 329, 331, 108, 130, 106, 110, 132, 134, 112, 136, 116, 138, 114, 140, 118, 120, 142, 144, 122, 146, 124, 127, 151, 150, 126, 148, 36, 34, 32, 39, 16, 26, 38, 41, 44, 46, 43, 48, 45, 42, 40, 37, 35, 33, 47, 49, 50, 51, 54, 53, 56, 52, 55, 57, 58, 62, 66, 69, 65, 96, 95, 87, 83, 90, 82, 77, 81, 86, 76, 72, 93, 89, 88, 68, 64, 61, 59, 71, 102, 205, 227, 203, 225, 201, 367, 366, 392, 365, 364, 363, 382, 390, 407, 406, 405, 381, 362, 380, 404, 403, 402, 361, 360, 359, 388, 401, 400, 387, 379, 358, 357, 399, 389, 391, 202, 204, 226, 229, 206, 228, 230, 207, 231, 209, 233, 210, 234, 211, 235, 212, 236, 213, 237, 215, 239, 217, 241, 218, 242, 219, 243, 221, 245, 223, 247, 224, 246, 248, 222, 244, 220, 216, 238, 240, 214, 208, 232, 92, 94, 101, 103, 104, 368, 369, 383, 393, 409, 410, 394, 370, 371, 372, 411, 412, 413, 384, 373, 385, 414, 415, 416, 396, 386, 374, 375, 376, 398, 377, 378, 249, 273, 250, 251, 275, 252, 274, 276, 253, 277, 254, 278, 255, 279, 257, 281, 258, 280, 282, 259, 283, 260, 284, 261, 285, 263, 287, 265, 289, 266, 290, 267, 291, 268, 292, 269, 293, 270, 294, 271, 295, 272, 296, 264, 286, 288, 262, 256, 397, 395, 408, 73, 63, 84, 78, 85, 79, 74, 70, 60, 80, 67, 75, 91, 97, 99, 100, 98, 18, 23, 25, 30, 31, 24, 21, 348, 308, 309, 323, 333, 349, 350, 334, 310, 311, 312, 351, 352, 353, 324, 313, 325, 354, 355, 356, 336, 326, 314, 315, 316, 338, 317, 318, 153, 177, 155, 179, 157, 181, 159, 183, 161, 185, 163, 187, 165, 189, 167, 191, 169, 193, 171, 195, 173, 197, 175, 199, 168, 190, 166, 188, 164, 186, 162, 184, 160, 182, 158, 180, 156, 178, 154, 192, 170, 194, 172, 196, 174, 198, 176, 200, 337, 335, 0]
Elapsed Time: 5.996154069900513 seconds

Christofides:
Cost: 19242.464439585034
Solution: [0, 7, 9, 17, 15, 6, 4, 5, 11, 3, 1, 2, 8, 10, 14, 13, 29, 28, 22, 152, 128, 149, 125, 147, 123, 145, 121, 143, 119, 141, 117, 139, 115, 137, 113, 135, 111, 133, 109, 131, 107, 129, 105, 307, 306, 332, 305, 304, 303, 322, 330, 347, 346, 345, 321, 302, 320, 344, 343, 342, 301, 300, 299, 328, 341, 340, 327, 319, 298, 297, 339, 32, 34, 36, 39, 329, 331, 106, 130, 108, 110, 132, 134, 112, 136, 114, 138, 116, 140, 118, 151, 127, 120, 142, 144, 122, 146, 124, 148, 126, 150, 30, 25, 23, 18, 21, 24, 31, 12, 19, 27, 20, 16, 26, 38, 41, 44, 46, 43, 48, 45, 42, 40, 37, 35, 33, 154, 178, 156, 180, 158, 182, 160, 184, 162, 186, 164, 188, 166, 190, 168, 189, 165, 187, 163, 185, 161, 183, 159, 181, 157, 179, 155, 177, 153, 318, 317, 338, 316, 315, 314, 326, 336, 356, 355, 354, 325, 313, 324, 353, 352, 351, 312, 311, 310, 334, 350, 349, 333, 323, 309, 308, 348, 335, 337, 167, 191, 169, 193, 171, 195, 173, 197, 175, 199, 200, 176, 198, 174, 196, 172, 194, 170, 192, 47, 49, 50, 51, 54, 53, 56, 52, 55, 57, 58, 62, 66, 69, 65, 95, 87, 83, 90, 82, 77, 81, 86, 72, 76, 93, 89, 88, 68, 64, 61, 59, 71, 102, 205, 227, 203, 225, 201, 367, 366, 392, 365, 364, 363, 382, 390, 407, 406, 405, 381, 362, 380, 404, 403, 402, 361, 360, 359, 388, 401, 400, 387, 379, 358, 357, 399, 296, 272, 295, 271, 293, 269, 291, 267, 289, 265, 287, 263, 285, 261, 283, 259, 281, 257, 279, 255, 277, 253, 275, 251, 273, 249, 378, 377, 398, 376, 375, 374, 386, 396, 416, 415, 414, 385, 373, 384, 413, 412, 411, 372, 371, 370, 394, 410, 409, 393, 383, 369, 368, 103, 101, 104, 408, 395, 397, 250, 252, 274, 276, 254, 278, 256, 258, 280, 282, 260, 284, 262, 264, 286, 288, 266, 290, 268, 292, 270, 294, 389, 391, 202, 226, 204, 228, 206, 229, 207, 231, 209, 233, 210, 234, 211, 235, 212, 236, 214, 213, 237, 215, 239, 217, 241, 218, 242, 220, 219, 243, 221, 245, 223, 247, 248, 224, 246, 232, 208, 222, 244, 216, 238, 240, 230, 92, 94, 96, 73, 63, 84, 78, 85, 79, 74, 70, 60, 80, 67, 75, 98, 100, 97, 91, 99, 0]
Elapsed Time: 8.040044784545898 seconds

----------------------------------------
