---------- Dataset: ./data/u159.tsp - Number of vertices: 159 ----------
Branch and Bound:
Cost: 43264.853190499874
Solution: [  0 158 157 156 155 154 153 152 151 150 149 148 147 146 145 144 143 142
 141 140 139 138 137 136 135 134 133 132 131 130 129 128 127 126 125 124
 123 122 121 120 119 118 117 116 115 114 113 112 111 110 109 108 107 106
 105 104 103 102 101 100  99  98  97  96  95  94  93  92  91  90  89  88
  87  86  85  84  83  82  81  80  79  78  77  76  75  74  73  72  71  70
  69  68  67  66  65  64  63  62  61  60  59  58  57  56  55  54  53  52
  51  50  49  48  47  46  45  44  43  42  41  40  39  38  37  36  35  34
  33  32  31  30  29  28  27  26  25  24  23  22  21  20  19  18  17  16
  15  14  13  12  11  10   9   8   7   6   5   4   3   1   2   0]
Elapsed Time: 1800.0086851119995 seconds

Twice Around the Tree:
Cost: 53681.9838599749
Solution: [0, 158, 1, 2, 3, 4, 152, 5, 151, 6, 7, 8, 9, 10, 11, 12, 13, 14, 15, 16, 17, 18, 19, 20, 22, 21, 23, 24, 26, 25, 27, 30, 29, 28, 31, 143, 142, 141, 140, 138, 136, 137, 36, 35, 33, 32, 34, 37, 38, 39, 40, 41, 42, 43, 44, 45, 46, 47, 48, 49, 50, 51, 74, 73, 75, 72, 70, 69, 68, 67, 66, 65, 64, 63, 61, 60, 59, 58, 57, 56, 55, 54, 62, 53, 52, 71, 77, 78, 79, 80, 81, 82, 83, 84, 85, 96, 86, 87, 88, 89, 90, 91, 92, 93, 95, 94, 97, 98, 99, 100, 101, 102, 103, 104, 105, 106, 76, 121, 120, 119, 118, 117, 116, 115, 114, 113, 112, 111, 110, 109, 108, 107, 122, 134, 133, 131, 130, 127, 126, 125, 124, 128, 123, 129, 132, 135, 139, 144, 147, 146, 145, 148, 149, 150, 153, 154, 155, 156, 157, 0]
Elapsed Time: 0.5976207256317139 seconds

Christofides:
Cost: 61906.472412551244
Solution: [0, 124, 125, 126, 127, 128, 123, 129, 130, 131, 133, 132, 134, 37, 35, 33, 32, 18, 17, 16, 14, 13, 12, 10, 9, 8, 7, 6, 150, 153, 154, 149, 147, 146, 145, 148, 151, 152, 4, 3, 1, 2, 158, 155, 156, 157, 5, 11, 43, 42, 41, 40, 38, 39, 44, 45, 46, 47, 48, 49, 50, 51, 52, 53, 62, 61, 54, 55, 56, 57, 58, 59, 60, 63, 64, 65, 66, 67, 68, 69, 70, 71, 77, 78, 79, 80, 81, 82, 83, 84, 85, 96, 86, 87, 88, 89, 90, 91, 92, 94, 95, 93, 97, 98, 99, 100, 101, 102, 103, 104, 105, 106, 107, 108, 109, 110, 111, 112, 113, 114, 115, 116, 117, 118, 119, 120, 121, 122, 72, 75, 74, 73, 76, 143, 142, 141, 140, 138, 136, 137, 36, 139, 144, 15, 19, 20, 22, 21, 23, 24, 26, 25, 27, 28, 29, 30, 31, 34, 135, 0]
Elapsed Time: 0.5712130069732666 seconds

----------------------------------------
