---------- Dataset: ./data/tsp225.tsp - Number of vertices: 225 ----------
Branch and Bound:
Cost: 10200.4039824911
Solution: [  0 224 223 222 221 220 219 218 217 216 215 214 213 212 211 210 209 208
 207 206 205 204 203 202 201 200 199 198 197 196 195 194 193 192 191 190
 189 188 187 186 185 184 183 182 181 180 179 178 177 176 175 174 173 172
 171 170 169 168 167 166 165 164 163 162 161 160 159 158 157 156 155 154
 153 152 151 150 149 148 147 146 145 144 143 142 141 140 139 138 137 136
 135 134 133 132 131 130 129 128 127 126 125 124 123 122 121 120 119 118
 117 116 115 114 113 112 111 110 109 108 107 106 105 104 103 102 101 100
  99  98  97  96  95  94  93  92  91  90  89  88  87  86  85  84  83  82
  81  80  79  78  77  76  75  74  73  72  71  70  69  68  67  66  65  64
  63  62  61  60  59  58  57  56  55  54  53  52  51  50  49  48  47  46
  45  44  43  42  41  40  39  38  37  36  35  34  33  32  31  30  29  28
  27  26  25  24  23  22  21  20  19  18  17  16  15  14  13  12  11  10
   9   8   7   1   6   5   4   3   2   0]
Elapsed Time: 1800.0162842273712 seconds

Twice Around the Tree:
Cost: 5159.317991948278
Solution: [0, 2, 197, 3, 4, 5, 6, 7, 8, 9, 42, 41, 43, 45, 193, 194, 217, 44, 47, 192, 195, 191, 190, 198, 132, 189, 224, 46, 1, 58, 57, 60, 59, 61, 62, 63, 111, 110, 109, 112, 113, 114, 117, 118, 184, 119, 174, 120, 121, 122, 123, 170, 169, 168, 167, 211, 149, 148, 147, 146, 145, 152, 153, 154, 155, 156, 143, 142, 200, 144, 151, 150, 213, 166, 165, 164, 163, 214, 133, 134, 182, 135, 136, 137, 138, 139, 140, 141, 162, 157, 212, 161, 160, 159, 158, 171, 172, 180, 173, 179, 178, 175, 176, 177, 181, 183, 185, 222, 115, 116, 186, 65, 64, 66, 67, 68, 69, 70, 71, 72, 73, 74, 75, 215, 218, 216, 76, 29, 28, 27, 203, 34, 32, 33, 25, 24, 207, 23, 22, 12, 11, 10, 13, 14, 15, 16, 19, 20, 202, 18, 17, 21, 35, 36, 37, 38, 39, 40, 201, 205, 30, 31, 77, 78, 96, 95, 94, 79, 80, 208, 93, 92, 91, 90, 89, 86, 209, 83, 82, 81, 84, 85, 130, 210, 129, 221, 128, 127, 126, 125, 124, 131, 88, 87, 220, 98, 97, 99, 100, 101, 102, 103, 219, 104, 105, 106, 107, 108, 206, 48, 50, 49, 56, 55, 54, 51, 52, 53, 188, 26, 187, 204, 223, 196, 199, 0]
Elapsed Time: 1.6404192447662354 seconds

Christofides:
Cost: 6532.379529358122
Solution: [0, 2, 197, 3, 4, 5, 6, 7, 8, 9, 10, 11, 12, 13, 14, 15, 16, 19, 20, 202, 18, 17, 40, 39, 38, 37, 36, 35, 207, 23, 22, 24, 25, 33, 32, 34, 29, 28, 27, 203, 31, 30, 205, 201, 76, 77, 78, 80, 79, 94, 95, 96, 98, 97, 99, 100, 101, 102, 103, 219, 104, 105, 106, 107, 108, 211, 149, 148, 147, 145, 146, 152, 153, 154, 155, 156, 143, 142, 200, 141, 140, 139, 138, 137, 136, 135, 182, 134, 133, 214, 163, 164, 165, 166, 213, 162, 157, 212, 158, 159, 160, 161, 144, 151, 150, 167, 168, 169, 170, 121, 120, 174, 119, 183, 184, 118, 117, 114, 62, 61, 60, 57, 58, 1, 46, 224, 188, 26, 187, 186, 116, 115, 222, 204, 189, 132, 198, 190, 191, 195, 192, 217, 44, 47, 53, 52, 51, 54, 55, 56, 50, 48, 206, 49, 193, 45, 43, 42, 41, 194, 223, 59, 63, 111, 109, 110, 112, 113, 65, 64, 66, 67, 68, 69, 70, 71, 72, 73, 74, 75, 215, 218, 216, 185, 122, 123, 124, 125, 126, 127, 128, 131, 221, 129, 210, 130, 85, 84, 83, 81, 82, 209, 86, 89, 87, 88, 90, 91, 92, 93, 208, 220, 171, 172, 180, 173, 179, 178, 175, 176, 177, 199, 181, 21, 196, 0]
Elapsed Time: 1.1103835105895996 seconds

----------------------------------------
