---------- Dataset: ./data/kroA100.tsp - Number of vertices: 100 ----------
Branch and Bound:
Cost: 174744.72319297743
Solution: [ 0 99 98 97 96 95 94 93 92 91 90 89 88 87 86 85 84 83 82 81 80 79 78 77
 76 75 74 73 72 71 70 69 68 67 66 65 64 63 62 61 60 59 58 57 56 55 54 53
 52 51 50 49 48 47 46 45 44 43 42 41 40 39 38 37 36 35 34 33 32 31 30 29
 28 27 26 25 24 23 22 21 20 19 18 17 16 15 14 13  2  4 12  1  8  6 11 10
  9  5  3  7  0]
Elapsed Time: 1800.0041499137878 seconds

Twice Around the Tree:
Cost: 30516.94176196444
Solution: [0, 62, 5, 48, 89, 9, 71, 20, 73, 10, 14, 16, 31, 46, 90, 44, 97, 22, 59, 61, 85, 26, 11, 19, 56, 6, 8, 86, 50, 60, 24, 80, 68, 63, 39, 53, 72, 49, 43, 1, 67, 84, 38, 29, 95, 77, 4, 36, 32, 12, 94, 81, 75, 51, 57, 27, 66, 92, 54, 82, 33, 28, 45, 2, 13, 70, 40, 99, 47, 42, 34, 76, 58, 83, 91, 7, 41, 88, 30, 79, 55, 96, 3, 64, 25, 65, 74, 18, 52, 78, 17, 23, 37, 35, 98, 87, 15, 21, 69, 93, 0]
Elapsed Time: 0.16215991973876953 seconds

Christofides:
Cost: 37552.46971977364
Solution: [0, 62, 5, 48, 89, 9, 71, 20, 73, 10, 14, 16, 31, 46, 90, 44, 97, 22, 59, 61, 85, 26, 11, 19, 56, 6, 8, 86, 50, 60, 24, 80, 68, 63, 39, 53, 1, 43, 49, 72, 67, 84, 38, 29, 95, 77, 4, 36, 32, 12, 94, 81, 98, 35, 37, 23, 17, 78, 52, 18, 74, 96, 3, 64, 25, 65, 55, 79, 30, 88, 41, 7, 91, 69, 21, 15, 87, 93, 75, 51, 57, 27, 66, 92, 47, 99, 70, 13, 2, 42, 45, 28, 33, 82, 54, 40, 34, 76, 58, 83, 0]
Elapsed Time: 0.1639561653137207 seconds

----------------------------------------
