---------- Dataset: ./data/linhp318.tsp - Number of vertices: 318 ----------
Branch and Bound:
Cost: 117008.17342490214
Solution: [  0 317 316 315 314 313 312 311 310 309 308 307 306 305 304 303 302 301
 300 299 298 297 296 295 294 293 292 291 290 289 288 287 286 285 284 283
 282 281 280 279 278 277 276 275 274 273 272 271 270 269 268 267 266 265
 264 263 262 261 260 259 258 257 256 255 254 253 252 251 250 249 248 247
 246 245 244 243 242 241 240 239 238 237 236 235 234 233 232 231 230 229
 228 227 226 225 224 223 222 221 220 219 218 217 216 215 214 213 212 211
 210 209 208 207 206 205 204 203 202 201 200 199 198 197 196 195 194 193
 192 191 190 189 188 187 186 185 184 183 182 181 180 179 178 177 176 175
 174 173 172 171 170 169 168 167 166 165 164 163 162 161 160 159 158 157
 156 155 154 153 152 151 150 149 148 147 146 145 144 143 142 141 140 139
 138 137 136 135 134 133 132 131 130 129 128 127 126 125 124 123 122 121
 120 119 118 117 116 115 114 113 112 111 110 109 108 107 106 105 104 103
 102 101 100  99  98  97  96  95  94  93  92  91  90  89  88  87  86  85
  84  83  82  81  80  79  78  77  76  75  74  73  72  71  70  69  68  67
  66  65  64  63  62  61  60  59  58  57  56  55  54  53  52  51  50  49
  48  47  46  45  44  43  42  41  40  39  38  37  36  35  34  33  32  31
  30  29  28  27  26  25  24  23  22  21  20  19  18  17  16  15  14  13
  12   3   4   8   7   2  11  10   9   6   5   1   0]
Elapsed Time: 1800.0393962860107 seconds

Twice Around the Tree:
Cost: 61149.463421942026
Solution: [0, 1, 2, 7, 8, 4, 3, 110, 106, 105, 107, 112, 113, 109, 108, 215, 211, 210, 212, 217, 218, 214, 213, 222, 223, 243, 244, 247, 248, 216, 219, 220, 117, 118, 224, 312, 229, 221, 232, 233, 228, 225, 227, 226, 234, 235, 245, 246, 236, 237, 242, 230, 231, 238, 239, 240, 241, 138, 139, 142, 143, 249, 254, 253, 250, 252, 251, 255, 261, 262, 267, 256, 260, 263, 266, 257, 258, 259, 264, 265, 268, 164, 165, 169, 170, 280, 277, 276, 273, 287, 291, 292, 293, 288, 286, 281, 282, 278, 283, 279, 284, 290, 298, 299, 285, 289, 295, 294, 191, 192, 300, 301, 198, 199, 302, 307, 308, 305, 306, 310, 204, 311, 314, 271, 272, 270, 269, 317, 274, 275, 296, 297, 303, 304, 309, 313, 111, 114, 115, 12, 13, 119, 207, 124, 116, 127, 128, 123, 120, 122, 121, 129, 130, 140, 141, 131, 132, 137, 125, 126, 133, 134, 135, 136, 33, 34, 37, 38, 144, 149, 148, 145, 147, 146, 150, 156, 157, 162, 151, 155, 158, 161, 152, 153, 154, 159, 160, 163, 59, 60, 64, 65, 175, 172, 171, 168, 182, 186, 187, 188, 183, 181, 176, 177, 173, 178, 174, 179, 185, 193, 194, 180, 184, 190, 189, 86, 87, 195, 196, 93, 94, 197, 202, 203, 200, 201, 205, 99, 206, 209, 166, 167, 208, 5, 6, 9, 10, 14, 102, 19, 11, 22, 23, 18, 15, 17, 16, 24, 25, 35, 36, 26, 27, 32, 103, 39, 44, 43, 40, 42, 41, 45, 51, 52, 57, 46, 50, 53, 56, 47, 48, 315, 316, 49, 54, 55, 58, 104, 61, 62, 68, 72, 71, 76, 78, 83, 82, 81, 77, 70, 67, 66, 63, 84, 90, 91, 92, 97, 98, 95, 96, 100, 101, 85, 75, 79, 73, 69, 74, 80, 88, 89, 20, 21, 28, 29, 30, 31, 0]
Elapsed Time: 2.2987847328186035 seconds

Christofides:
Cost: 63789.21008388755
Solution: [0, 1, 2, 7, 8, 4, 3, 110, 106, 105, 107, 112, 113, 109, 108, 215, 211, 210, 212, 217, 218, 214, 213, 222, 223, 243, 244, 247, 248, 309, 304, 303, 297, 296, 275, 274, 270, 269, 317, 272, 271, 314, 265, 264, 259, 257, 254, 249, 142, 139, 138, 241, 240, 239, 238, 231, 230, 312, 221, 229, 232, 233, 228, 225, 227, 226, 234, 235, 245, 246, 242, 237, 236, 224, 220, 117, 118, 13, 12, 115, 114, 111, 119, 207, 116, 124, 127, 128, 123, 120, 122, 121, 129, 130, 140, 141, 137, 132, 131, 125, 126, 133, 134, 135, 136, 33, 34, 37, 38, 144, 149, 148, 145, 147, 146, 150, 156, 157, 162, 161, 158, 155, 151, 208, 152, 153, 154, 159, 160, 69, 73, 68, 61, 62, 104, 55, 54, 49, 47, 44, 39, 103, 32, 27, 22, 19, 11, 102, 14, 10, 9, 6, 5, 20, 21, 28, 29, 30, 31, 316, 315, 48, 23, 18, 15, 17, 16, 24, 25, 35, 36, 43, 40, 42, 41, 45, 51, 52, 57, 56, 53, 50, 46, 26, 58, 72, 71, 76, 78, 83, 82, 63, 66, 67, 70, 77, 81, 84, 90, 91, 92, 97, 98, 89, 88, 80, 74, 95, 96, 100, 101, 85, 75, 79, 163, 59, 60, 64, 65, 175, 172, 171, 168, 167, 166, 209, 182, 186, 187, 188, 183, 181, 176, 177, 173, 178, 174, 179, 185, 193, 194, 203, 202, 197, 196, 93, 94, 99, 205, 201, 200, 206, 195, 86, 87, 189, 180, 184, 190, 219, 216, 143, 258, 313, 253, 250, 252, 251, 255, 261, 262, 267, 266, 263, 260, 256, 268, 164, 165, 169, 170, 280, 277, 276, 273, 287, 291, 292, 293, 288, 286, 281, 282, 278, 283, 279, 284, 290, 298, 299, 308, 307, 302, 301, 198, 199, 204, 310, 306, 305, 311, 300, 191, 192, 294, 285, 289, 295, 0]
Elapsed Time: 2.2899863719940186 seconds

----------------------------------------
