---------- Dataset: ./data/vm1084.tsp - Number of vertices: 1084 ----------
Branch and Bound:
Cost: 5346975.72726451
Solution: [   0 1083 1082 ...    2    1    0]
Elapsed Time: 1800.5539803504944 seconds

Twice Around the Tree:
Cost: 349061.933875231
Solution: [0, 250, 104, 244, 241, 253, 459, 185, 251, 240, 63, 498, 103, 513, 592, 408, 435, 49, 474, 88, 628, 631, 383, 46, 556, 154, 201, 202, 310, 32, 563, 53, 364, 216, 566, 569, 124, 560, 504, 351, 650, 245, 248, 374, 76, 396, 577, 242, 254, 381, 252, 652, 409, 651, 397, 436, 67, 65, 68, 475, 703, 769, 701, 659, 913, 985, 1079, 827, 825, 823, 821, 905, 385, 1080, 817, 981, 1031, 926, 815, 812, 238, 239, 414, 818, 898, 979, 882, 707, 1041, 990, 719, 723, 692, 1065, 1067, 726, 718, 90, 91, 98, 92, 384, 983, 690, 772, 787, 758, 1016, 554, 555, 156, 155, 559, 558, 557, 562, 561, 538, 1006, 693, 736, 679, 1005, 536, 535, 55, 533, 534, 362, 214, 54, 567, 564, 363, 122, 215, 568, 123, 200, 178, 565, 695, 537, 51, 52, 1004, 696, 890, 796, 1024, 1022, 1003, 1020, 1018, 854, 1028, 880, 682, 906, 903, 994, 768, 765, 925, 988, 923, 996, 895, 1029, 781, 899, 991, 1014, 720, 940, 445, 437, 551, 410, 415, 511, 413, 382, 454, 515, 93, 42, 552, 457, 191, 575, 460, 523, 510, 687, 710, 729, 1015, 1026, 570, 439, 571, 434, 3, 553, 931, 670, 775, 966, 476, 919, 938, 660, 962, 846, 929, 907, 863, 927, 416, 572, 594, 600, 612, 455, 296, 461, 225, 458, 274, 655, 595, 601, 613, 467, 273, 297, 224, 144, 228, 6, 419, 4, 186, 433, 182, 422, 470, 19, 295, 388, 322, 404, 486, 183, 452, 618, 277, 464, 198, 639, 180, 147, 449, 328, 210, 24, 127, 331, 16, 236, 99, 340, 620, 232, 28, 288, 36, 641, 220, 80, 131, 83, 40, 217, 343, 358, 317, 231, 479, 11, 206, 150, 196, 403, 325, 394, 391, 400, 280, 379, 623, 190, 493, 159, 496, 136, 199, 291, 181, 141, 128, 86, 357, 656, 313, 25, 337, 443, 492, 495, 424, 478, 213, 640, 17, 237, 100, 341, 37, 221, 81, 132, 84, 41, 318, 230, 10, 158, 344, 218, 205, 622, 393, 289, 137, 485, 399, 279, 390, 378, 268, 365, 359, 646, 316, 14, 645, 304, 336, 283, 402, 149, 324, 290, 233, 29, 338, 330, 126, 619, 23, 211, 314, 26, 356, 472, 805, 662, 1027, 751, 1042, 847, 956, 952, 803, 1046, 1054, 958, 946, 446, 636, 836, 1058, 1070, 954, 834, 950, 1072, 1082, 960, 795, 948, 886, 753, 867, 942, 792, 944, 673, 739, 1043, 596, 440, 637, 602, 614, 235, 856, 869, 674, 1047, 668, 810, 873, 724, 1055, 875, 487, 740, 716, 1059, 808, 676, 920, 749, 1071, 638, 405, 683, 1073, 800, 711, 1083, 742, 713, 685, 887, 798, 877, 860, 406, 473, 39, 657, 187, 964, 778, 807, 968, 665, 780, 790, 207, 976, 760, 755, 784, 921, 978, 746, 917, 865, 843, 786, 774, 973, 488, 489, 208, 407, 490, 974, 971, 911, 909, 1012, 548, 209, 549, 1061, 791, 915, 838, 901, 1013, 761, 160, 271, 161, 367, 269, 366, 550, 832, 893, 762, 162, 361, 163, 360, 889, 840, 872, 763, 164, 648, 134, 135, 745, 12, 13, 15, 165, 647, 1077, 744, 851, 764, 166, 1075, 859, 666, 255, 64, 506, 173, 573, 500, 246, 578, 243, 247, 497, 350, 593, 514, 50, 89, 503, 47, 97, 177, 102, 629, 632, 412, 261, 2, 258, 501, 653, 444, 507, 174, 66, 347, 35, 598, 386, 172, 167, 522, 370, 376, 516, 94, 43, 79, 107, 466, 192, 625, 520, 421, 438, 574, 453, 576, 380, 249, 502, 654, 260, 1, 197, 456, 257, 188, 417, 194, 462, 450, 508, 175, 583, 375, 447, 597, 465, 624, 352, 420, 499, 77, 75, 512, 505, 395, 176, 411, 96, 630, 203, 87, 45, 48, 627, 591, 649, 259, 256, 580, 62, 608, 368, 634, 822, 820, 658, 816, 814, 813, 819, 700, 883, 930, 980, 1030, 902, 1032, 579, 60, 607, 61, 78, 372, 468, 59, 74, 708, 699, 961, 989, 1078, 922, 1068, 633, 73, 58, 72, 57, 706, 698, 939, 829, 264, 984, 1040, 912, 1050, 705, 71, 606, 56, 70, 371, 697, 965, 771, 904, 924, 896, 704, 1008, 263, 540, 541, 69, 1064, 691, 722, 717, 788, 1066, 1007, 1017, 1019, 689, 1011, 855, 757, 1021, 756, 853, 1010, 885, 355, 544, 307, 151, 153, 547, 539, 546, 312, 532, 542, 34, 530, 354, 31, 305, 306, 545, 308, 152, 309, 311, 543, 33, 531, 737, 1002, 694, 1009, 680, 1001, 852, 1025, 678, 828, 262, 353, 1023, 891, 797, 884, 824, 826, 727, 955, 982, 1051, 777, 779, 1081, 951, 957, 894, 783, 785, 928, 945, 953, 1033, 581, 373, 582, 1034, 1044, 897, 949, 959, 986, 1048, 1062, 1069, 635, 603, 947, 702, 770, 879, 346, 348, 349, 527, 528, 529, 881, 999, 681, 1000, 941, 943, 993, 518, 519, 615, 604, 169, 584, 170, 369, 441, 171, 168, 767, 773, 1056, 1035, 766, 987, 1052, 609, 1045, 995, 1038, 1049, 992, 1036, 585, 605, 616, 588, 610, 1063, 721, 963, 688, 709, 728, 967, 975, 730, 731, 977, 1057, 732, 733, 1053, 1039, 734, 118, 120, 119, 117, 114, 115, 112, 110, 108, 106, 387, 589, 590, 587, 427, 426, 428, 429, 480, 482, 320, 481, 293, 321, 483, 970, 845, 862, 661, 804, 750, 752, 802, 663, 848, 835, 833, 866, 842, 671, 794, 748, 738, 793, 672, 830, 868, 430, 265, 857, 870, 675, 669, 811, 725, 715, 809, 677, 741, 839, 281, 130, 129, 484, 101, 18, 140, 329, 315, 22, 212, 125, 139, 21, 326, 275, 8, 145, 142, 20, 7, 276, 287, 272, 146, 298, 223, 143, 189, 227, 5, 432, 195, 327, 226, 294, 423, 184, 442, 494, 448, 491, 477, 44, 95, 193, 517, 521, 599, 469, 179, 509, 626, 463, 418, 471, 451, 27, 332, 234, 30, 339, 342, 38, 222, 82, 133, 85, 319, 229, 425, 157, 345, 219, 621, 9, 204, 392, 148, 401, 300, 282, 323, 138, 278, 389, 377, 292, 398, 333, 299, 876, 874, 849, 684, 801, 712, 743, 714, 799, 686, 266, 861, 878, 936, 431, 933, 806, 759, 1060, 664, 789, 910, 754, 997, 524, 525, 526, 998, 916, 864, 914, 747, 837, 908, 844, 900, 831, 267, 270, 892, 871, 888, 841, 285, 1076, 850, 1074, 642, 301, 643, 644, 302, 284, 286, 334, 335, 303, 858, 667, 121, 611, 116, 113, 617, 111, 109, 586, 105, 735, 776, 1037, 937, 934, 972, 918, 935, 969, 932, 782, 0]
Elapsed Time: 122.53546333312988 seconds

Christofides:
Cost: 385281.463678417
Solution: [0, 250, 104, 244, 241, 253, 459, 185, 251, 240, 63, 498, 103, 513, 592, 408, 435, 49, 474, 88, 628, 631, 504, 383, 46, 556, 154, 201, 202, 310, 32, 177, 97, 47, 503, 89, 50, 102, 629, 632, 514, 593, 350, 497, 247, 243, 578, 246, 500, 412, 652, 252, 381, 2, 261, 258, 254, 242, 577, 396, 374, 76, 351, 245, 650, 248, 501, 653, 444, 507, 174, 66, 347, 35, 598, 386, 172, 167, 522, 370, 376, 516, 94, 43, 79, 107, 466, 19, 470, 6, 228, 144, 224, 297, 273, 452, 618, 277, 464, 198, 213, 478, 424, 86, 128, 141, 288, 28, 232, 620, 340, 99, 236, 16, 331, 127, 24, 210, 328, 449, 180, 147, 639, 443, 492, 495, 313, 25, 337, 656, 36, 641, 220, 80, 131, 83, 40, 217, 343, 358, 317, 231, 479, 11, 206, 150, 196, 403, 325, 394, 391, 400, 280, 379, 181, 291, 199, 136, 496, 159, 493, 623, 190, 218, 344, 158, 10, 149, 402, 324, 290, 283, 336, 304, 645, 316, 14, 646, 359, 365, 268, 378, 390, 279, 399, 485, 137, 289, 393, 622, 205, 230, 318, 41, 84, 132, 81, 221, 37, 341, 100, 237, 17, 26, 314, 23, 211, 619, 126, 330, 640, 233, 29, 338, 357, 467, 356, 472, 458, 225, 461, 296, 455, 612, 600, 594, 572, 416, 927, 3, 434, 571, 439, 570, 553, 551, 410, 415, 511, 413, 382, 573, 173, 506, 651, 397, 436, 64, 255, 67, 65, 68, 475, 703, 769, 701, 659, 913, 985, 1079, 827, 825, 823, 821, 905, 385, 1080, 817, 981, 1031, 926, 815, 812, 238, 239, 414, 818, 898, 979, 882, 707, 1041, 990, 719, 723, 692, 1065, 1067, 726, 718, 90, 91, 98, 384, 92, 983, 690, 772, 787, 758, 1016, 554, 555, 52, 51, 537, 536, 535, 55, 533, 534, 362, 214, 54, 567, 564, 363, 122, 215, 568, 123, 200, 178, 558, 559, 155, 156, 565, 695, 1005, 679, 736, 693, 1006, 538, 561, 562, 557, 1020, 1004, 696, 890, 796, 1024, 1022, 1003, 15, 13, 745, 12, 135, 134, 165, 648, 164, 763, 666, 859, 1075, 764, 166, 851, 744, 1077, 872, 840, 889, 762, 162, 361, 163, 360, 366, 269, 367, 271, 160, 550, 761, 832, 893, 1013, 901, 838, 915, 791, 1061, 1012, 548, 209, 549, 909, 911, 971, 974, 973, 407, 208, 489, 488, 490, 774, 786, 843, 865, 917, 746, 978, 921, 784, 755, 760, 976, 790, 207, 780, 665, 968, 807, 778, 964, 860, 406, 473, 39, 657, 187, 877, 798, 887, 685, 713, 742, 1083, 711, 800, 1073, 683, 1071, 405, 638, 749, 920, 676, 808, 1059, 716, 740, 875, 487, 1055, 724, 873, 810, 668, 1047, 674, 869, 856, 1043, 596, 440, 595, 655, 274, 601, 613, 235, 614, 602, 637, 739, 673, 944, 792, 942, 867, 753, 886, 948, 795, 960, 1082, 1072, 950, 834, 954, 1070, 1058, 836, 946, 446, 636, 958, 1054, 1046, 803, 952, 956, 847, 1042, 751, 1027, 662, 805, 161, 647, 854, 1018, 940, 445, 437, 687, 710, 729, 1015, 1026, 931, 670, 775, 966, 476, 919, 938, 660, 962, 846, 929, 907, 863, 720, 1014, 991, 899, 781, 1029, 895, 996, 923, 988, 925, 765, 768, 994, 903, 906, 682, 880, 1028, 409, 454, 515, 93, 42, 552, 457, 422, 182, 433, 4, 186, 419, 191, 575, 460, 510, 523, 295, 388, 322, 404, 486, 183, 432, 5, 227, 143, 189, 223, 195, 298, 272, 146, 287, 276, 7, 20, 142, 145, 275, 8, 326, 21, 139, 212, 22, 315, 27, 332, 329, 140, 18, 101, 484, 129, 130, 281, 299, 839, 741, 677, 809, 715, 725, 811, 669, 675, 870, 857, 868, 265, 430, 830, 672, 793, 738, 748, 794, 671, 842, 866, 833, 835, 848, 663, 802, 752, 750, 804, 661, 862, 845, 970, 429, 427, 426, 428, 587, 120, 118, 121, 611, 116, 113, 617, 111, 109, 586, 105, 585, 605, 616, 588, 589, 387, 106, 108, 110, 112, 115, 114, 117, 119, 590, 610, 1063, 721, 963, 688, 709, 728, 967, 975, 730, 731, 977, 1057, 732, 733, 1053, 1039, 734, 451, 471, 463, 95, 44, 477, 494, 442, 184, 423, 294, 226, 448, 491, 193, 517, 521, 599, 469, 179, 509, 418, 626, 735, 776, 1037, 937, 934, 972, 918, 935, 969, 932, 1036, 782, 992, 1049, 1038, 995, 1045, 1052, 609, 987, 766, 1035, 1056, 773, 767, 993, 518, 519, 615, 604, 169, 584, 168, 171, 441, 369, 170, 943, 941, 1000, 681, 999, 881, 879, 346, 348, 349, 527, 528, 529, 770, 702, 947, 1069, 603, 635, 1062, 1048, 986, 959, 949, 897, 1044, 1034, 1033, 447, 375, 583, 175, 508, 450, 417, 194, 462, 257, 188, 260, 1, 197, 456, 654, 502, 597, 465, 624, 581, 373, 582, 368, 608, 580, 62, 822, 634, 820, 658, 816, 814, 813, 819, 700, 883, 930, 980, 1030, 902, 1032, 579, 60, 607, 61, 78, 372, 468, 59, 74, 57, 72, 58, 73, 633, 1068, 706, 698, 939, 829, 264, 984, 1040, 912, 1050, 705, 71, 606, 56, 70, 371, 1008, 263, 69, 541, 540, 539, 547, 153, 151, 307, 532, 542, 31, 354, 305, 530, 34, 306, 545, 308, 152, 312, 546, 309, 311, 543, 33, 531, 544, 355, 885, 353, 262, 828, 678, 1025, 852, 1001, 680, 1009, 694, 1002, 737, 884, 797, 891, 1023, 1010, 853, 756, 1021, 757, 855, 1011, 689, 1019, 1017, 1007, 1066, 788, 717, 722, 691, 1064, 704, 896, 924, 904, 771, 965, 697, 627, 203, 87, 45, 48, 630, 96, 411, 176, 395, 505, 512, 75, 77, 499, 420, 352, 649, 591, 922, 1078, 989, 961, 699, 708, 824, 826, 727, 955, 982, 1051, 777, 779, 1081, 951, 957, 894, 783, 785, 928, 945, 953, 256, 259, 480, 482, 320, 481, 293, 321, 483, 876, 874, 849, 684, 801, 712, 743, 714, 799, 686, 266, 861, 878, 936, 431, 933, 806, 759, 1060, 664, 789, 910, 754, 997, 524, 525, 526, 998, 916, 864, 914, 747, 837, 908, 844, 900, 831, 267, 270, 892, 871, 888, 841, 285, 1076, 850, 1074, 642, 301, 643, 644, 302, 284, 286, 334, 335, 292, 377, 389, 278, 138, 323, 401, 148, 392, 204, 9, 621, 229, 219, 345, 157, 425, 319, 85, 133, 82, 222, 38, 342, 339, 30, 234, 333, 282, 300, 398, 303, 667, 858, 125, 327, 192, 625, 438, 421, 520, 574, 563, 53, 364, 216, 566, 569, 124, 560, 453, 380, 576, 249, 0]
Elapsed Time: 122.60594773292542 seconds

----------------------------------------
