---------- Dataset: ./data/kroB200.tsp - Number of vertices: 200 ----------
Branch and Bound:
Cost: 311370.6693494699
Solution: [  0 199 198 197 196 195 194 193 192 191 190 189 188 187 186 185 184 183
 182 181 180 179 178 177 176 175 174 173 172 171 170 169 168 167 166 165
 164 163 162 161 160 159 158 157 156 155 154 153 152 151 150 149 148 147
 146 145 144 143 142 141 140 139 138 137 136 135 134 133 132 131 130 129
 128 127 126 125 124 123 122 121 120 119 118 117 116 115 114 113 112 111
 110 109 108 107 106 105 104 103 102 101 100  99  98  97  96  95  94  93
  92  91  90  89  88  87  86  85  84  83  82  81  80  79  78  77  76  75
  74  73  72  71  70  69  68  67  66  65  64  63  62  61  60  59  58  57
  56  55  54  53  52  51  50  49  48  47  46  45  44  43  42  41  40  39
  38  37  36  35  34  33  32  31  30  29  28  27  26  25  24  23  22  21
  20  19  18  17  16  15  14  13  12   1   5   3   6   8  11   7   2  10
   4   9   0]
Elapsed Time: 1800.0122425556183 seconds

Twice Around the Tree:
Cost: 40619.906596857814
Solution: [0, 89, 20, 107, 151, 145, 45, 24, 8, 165, 137, 85, 48, 133, 180, 29, 74, 149, 68, 100, 99, 25, 61, 55, 79, 19, 37, 122, 9, 67, 110, 189, 116, 39, 38, 69, 148, 169, 52, 197, 193, 131, 4, 196, 66, 188, 141, 94, 173, 11, 106, 160, 70, 26, 175, 60, 34, 171, 156, 130, 177, 198, 144, 65, 132, 167, 113, 86, 164, 59, 185, 195, 42, 88, 184, 117, 158, 49, 163, 139, 105, 182, 102, 15, 1, 108, 41, 109, 119, 124, 13, 63, 81, 120, 146, 32, 14, 5, 3, 82, 181, 111, 127, 154, 12, 125, 62, 30, 47, 194, 155, 50, 186, 77, 16, 44, 35, 118, 91, 150, 18, 134, 136, 95, 161, 199, 101, 43, 129, 191, 40, 147, 76, 104, 17, 23, 152, 159, 143, 103, 54, 170, 21, 22, 87, 142, 176, 153, 162, 53, 114, 36, 71, 183, 140, 64, 123, 126, 187, 78, 112, 80, 178, 46, 115, 51, 57, 83, 6, 168, 190, 138, 172, 192, 73, 179, 93, 56, 33, 97, 31, 166, 58, 135, 28, 7, 98, 75, 96, 90, 128, 27, 157, 2, 10, 92, 121, 84, 72, 174, 0]
Elapsed Time: 0.6047911643981934 seconds

Christofides:
Cost: 42290.737827257035
Solution: [0, 89, 20, 107, 151, 145, 45, 24, 8, 175, 26, 70, 160, 11, 106, 72, 84, 121, 92, 10, 157, 2, 27, 128, 90, 96, 98, 7, 28, 135, 58, 166, 31, 97, 173, 174, 75, 60, 34, 171, 156, 130, 177, 198, 144, 65, 132, 167, 113, 86, 164, 59, 185, 195, 42, 88, 184, 117, 181, 82, 3, 5, 14, 32, 146, 120, 81, 63, 13, 124, 119, 41, 108, 1, 15, 102, 76, 104, 17, 23, 152, 159, 143, 103, 54, 192, 170, 21, 22, 87, 142, 176, 153, 162, 53, 114, 36, 71, 183, 140, 64, 123, 126, 187, 78, 112, 80, 178, 46, 172, 138, 190, 115, 51, 57, 6, 83, 168, 33, 56, 93, 179, 163, 49, 158, 139, 105, 182, 154, 12, 125, 62, 30, 47, 194, 155, 50, 16, 44, 35, 118, 91, 150, 18, 134, 161, 95, 136, 199, 101, 43, 147, 40, 191, 129, 77, 186, 109, 111, 127, 73, 165, 137, 85, 48, 133, 180, 29, 74, 149, 68, 100, 99, 25, 61, 66, 196, 4, 131, 193, 116, 39, 38, 69, 148, 169, 52, 188, 189, 110, 67, 9, 122, 141, 197, 55, 37, 19, 79, 94, 0]
Elapsed Time: 0.5881989002227783 seconds

----------------------------------------
