---------- Dataset: ./data/u1060.tsp - Number of vertices: 1060 ----------
Branch and Bound:
Cost: 260168.41996461235
Solution: [   0 1059 1058 ...    2    1    0]
Elapsed Time: 1800.3316094875336 seconds

Twice Around the Tree:
Cost: 305036.9809803701
Solution: [0, 2, 1, 3, 4, 6, 5, 1059, 1058, 9, 10, 1052, 30, 29, 11, 28, 27, 26, 25, 21, 20, 19, 16, 13, 12, 17, 15, 14, 104, 105, 106, 103, 102, 100, 101, 97, 96, 95, 94, 891, 890, 889, 888, 882, 883, 885, 886, 884, 887, 111, 112, 108, 109, 110, 114, 115, 117, 118, 116, 120, 128, 123, 124, 125, 126, 7, 136, 127, 129, 130, 133, 134, 132, 135, 119, 113, 131, 892, 893, 894, 896, 895, 897, 898, 900, 899, 901, 902, 903, 904, 906, 907, 910, 909, 908, 911, 912, 913, 914, 918, 920, 860, 861, 862, 863, 219, 218, 217, 220, 221, 222, 858, 859, 856, 855, 224, 225, 226, 853, 842, 843, 841, 845, 844, 840, 838, 818, 819, 820, 817, 836, 835, 834, 821, 822, 823, 825, 824, 833, 832, 826, 831, 829, 828, 827, 830, 837, 938, 936, 935, 934, 939, 940, 937, 839, 240, 241, 242, 846, 847, 848, 849, 850, 851, 852, 228, 227, 229, 230, 236, 237, 238, 235, 234, 249, 250, 251, 248, 247, 309, 310, 311, 286, 287, 288, 284, 283, 282, 279, 278, 277, 276, 268, 267, 271, 270, 269, 272, 274, 273, 275, 388, 389, 281, 280, 373, 285, 291, 290, 289, 292, 293, 294, 297, 298, 296, 295, 299, 300, 301, 304, 318, 305, 317, 319, 320, 325, 322, 321, 323, 324, 331, 330, 332, 334, 335, 336, 337, 340, 339, 338, 329, 328, 327, 341, 342, 800, 795, 794, 793, 792, 791, 790, 789, 788, 787, 782, 781, 783, 780, 779, 778, 774, 773, 772, 771, 770, 769, 767, 766, 765, 764, 763, 762, 761, 760, 759, 754, 753, 755, 752, 751, 750, 749, 756, 757, 758, 776, 777, 768, 775, 784, 785, 786, 797, 796, 798, 799, 801, 802, 803, 804, 343, 346, 345, 344, 348, 354, 355, 356, 357, 361, 360, 362, 363, 364, 369, 370, 372, 371, 374, 375, 379, 376, 377, 378, 380, 381, 382, 383, 385, 384, 386, 405, 387, 403, 404, 396, 395, 394, 393, 392, 391, 390, 397, 398, 399, 402, 400, 401, 427, 428, 429, 430, 431, 432, 434, 433, 435, 436, 437, 438, 439, 600, 601, 602, 604, 603, 599, 444, 443, 441, 440, 426, 425, 424, 418, 413, 414, 412, 410, 409, 408, 407, 406, 411, 419, 420, 421, 422, 415, 416, 417, 423, 447, 446, 448, 449, 457, 456, 455, 458, 442, 598, 445, 450, 451, 597, 596, 595, 593, 592, 591, 594, 452, 453, 454, 558, 557, 559, 560, 561, 556, 555, 459, 460, 462, 461, 463, 554, 553, 562, 563, 564, 565, 566, 567, 571, 572, 573, 574, 575, 576, 577, 735, 734, 733, 729, 730, 731, 732, 578, 579, 580, 582, 581, 697, 698, 699, 700, 722, 723, 724, 727, 726, 725, 728, 583, 584, 585, 586, 587, 588, 568, 569, 570, 589, 590, 696, 695, 694, 692, 691, 690, 701, 702, 704, 703, 705, 706, 707, 721, 720, 719, 708, 709, 710, 693, 686, 685, 684, 683, 682, 670, 687, 688, 689, 681, 680, 679, 675, 673, 671, 672, 674, 676, 678, 677, 715, 714, 713, 712, 711, 716, 717, 718, 736, 737, 544, 545, 546, 543, 542, 541, 536, 535, 537, 748, 747, 746, 745, 744, 743, 740, 739, 738, 742, 741, 540, 538, 533, 534, 539, 548, 549, 529, 528, 530, 526, 525, 478, 480, 479, 474, 475, 471, 470, 469, 466, 464, 467, 468, 472, 465, 473, 477, 476, 481, 482, 531, 524, 523, 522, 521, 520, 516, 514, 515, 503, 502, 496, 495, 501, 497, 499, 498, 506, 508, 507, 509, 510, 505, 512, 511, 500, 504, 513, 517, 519, 518, 532, 527, 550, 551, 552, 547, 605, 608, 606, 607, 610, 609, 611, 612, 618, 619, 620, 622, 621, 625, 624, 627, 626, 628, 629, 630, 635, 636, 637, 638, 639, 640, 643, 641, 642, 668, 634, 633, 632, 667, 663, 664, 657, 656, 654, 658, 653, 652, 651, 649, 650, 655, 662, 659, 660, 644, 646, 645, 647, 648, 661, 665, 666, 669, 631, 623, 617, 616, 613, 615, 614, 365, 358, 359, 493, 492, 490, 491, 494, 366, 368, 367, 489, 488, 487, 486, 484, 483, 485, 347, 333, 326, 350, 349, 351, 353, 352, 302, 303, 308, 312, 313, 314, 307, 306, 315, 316, 815, 816, 814, 813, 811, 810, 809, 806, 805, 808, 807, 812, 252, 254, 253, 255, 256, 257, 262, 261, 260, 259, 258, 199, 200, 201, 202, 203, 198, 194, 193, 197, 196, 195, 204, 189, 188, 183, 182, 181, 180, 179, 178, 177, 176, 175, 170, 169, 171, 168, 167, 166, 163, 162, 161, 160, 158, 157, 155, 154, 153, 152, 151, 150, 149, 148, 147, 142, 141, 143, 140, 139, 138, 137, 144, 145, 146, 164, 165, 156, 159, 172, 173, 174, 185, 184, 186, 187, 190, 191, 192, 206, 207, 208, 216, 211, 210, 209, 205, 212, 213, 215, 214, 866, 867, 868, 870, 871, 872, 869, 873, 877, 874, 875, 876, 878, 879, 880, 881, 264, 263, 265, 266, 239, 245, 243, 244, 246, 231, 232, 223, 233, 854, 857, 864, 865, 919, 917, 923, 925, 924, 926, 921, 922, 915, 916, 905, 107, 98, 93, 92, 122, 121, 8, 18, 22, 83, 84, 46, 47, 45, 44, 43, 42, 50, 49, 48, 51, 52, 70, 71, 68, 66, 67, 69, 72, 73, 74, 75, 76, 80, 79, 77, 78, 81, 957, 958, 959, 956, 960, 961, 962, 963, 948, 947, 946, 945, 944, 942, 943, 941, 966, 967, 968, 965, 949, 954, 950, 951, 952, 927, 929, 930, 928, 931, 932, 933, 953, 955, 964, 82, 85, 86, 87, 91, 90, 89, 88, 99, 24, 23, 32, 33, 35, 34, 40, 39, 37, 38, 53, 41, 1043, 1041, 1040, 1039, 1038, 36, 1033, 1032, 56, 55, 57, 58, 54, 60, 59, 61, 62, 63, 64, 65, 1017, 1018, 1019, 1016, 1011, 1015, 1020, 1009, 1007, 1008, 1010, 1021, 1006, 1022, 1005, 1004, 1002, 1003, 997, 996, 995, 994, 993, 988, 987, 986, 989, 985, 984, 982, 983, 979, 980, 977, 976, 975, 974, 978, 981, 973, 972, 970, 971, 969, 998, 1001, 999, 1000, 1013, 992, 991, 990, 1012, 1014, 1023, 1024, 1025, 1026, 1027, 1028, 1029, 1031, 1030, 1034, 1035, 1036, 1037, 1044, 1046, 1047, 1045, 1048, 1042, 1049, 31, 1053, 1050, 1051, 1057, 1056, 1055, 1054, 0]
Elapsed Time: 107.44597864151001 seconds

Christofides:
Cost: 336508.22933693614
Solution: [0, 2, 1, 5, 6, 4, 3, 1058, 9, 10, 1052, 30, 29, 11, 28, 27, 26, 25, 21, 20, 19, 16, 13, 12, 18, 17, 15, 14, 104, 105, 106, 103, 102, 100, 101, 97, 92, 93, 98, 96, 95, 94, 891, 890, 881, 880, 879, 872, 869, 876, 874, 875, 877, 873, 878, 871, 870, 868, 867, 866, 214, 215, 213, 212, 211, 205, 209, 210, 216, 208, 207, 206, 200, 199, 258, 259, 260, 261, 262, 257, 256, 255, 253, 254, 252, 251, 246, 239, 238, 235, 234, 249, 250, 237, 236, 230, 229, 227, 228, 852, 853, 226, 225, 224, 855, 854, 856, 859, 857, 858, 221, 220, 218, 217, 219, 863, 862, 861, 860, 920, 918, 914, 913, 907, 906, 904, 903, 902, 901, 899, 900, 894, 893, 892, 896, 895, 897, 898, 905, 910, 909, 908, 1029, 1028, 63, 53, 38, 37, 39, 40, 34, 35, 33, 32, 24, 23, 36, 1038, 1033, 1032, 56, 55, 57, 58, 54, 60, 59, 61, 62, 1031, 1030, 1037, 1036, 1035, 1034, 1039, 1040, 1041, 1043, 1042, 1049, 1044, 1046, 1047, 1045, 1048, 1054, 1055, 1056, 1057, 41, 64, 65, 1017, 1018, 1019, 1010, 1008, 1007, 1009, 1020, 1021, 1006, 1022, 1005, 1004, 1002, 1003, 997, 990, 991, 992, 1013, 1000, 999, 1001, 998, 1012, 1014, 996, 995, 994, 993, 988, 987, 986, 989, 985, 984, 982, 983, 979, 980, 977, 976, 975, 974, 969, 971, 970, 972, 973, 981, 978, 964, 962, 956, 959, 958, 957, 79, 77, 78, 81, 80, 76, 75, 74, 73, 72, 71, 68, 66, 67, 69, 70, 52, 51, 50, 42, 43, 44, 45, 47, 46, 84, 83, 22, 99, 88, 89, 90, 91, 87, 85, 86, 82, 48, 49, 960, 961, 963, 948, 947, 946, 945, 944, 942, 943, 941, 933, 932, 931, 930, 928, 929, 927, 952, 951, 950, 954, 949, 955, 953, 966, 967, 968, 965, 1023, 1024, 1025, 1015, 1016, 1011, 1026, 1027, 911, 912, 915, 916, 926, 925, 923, 917, 919, 921, 922, 848, 847, 846, 845, 840, 838, 818, 819, 817, 820, 836, 835, 834, 821, 822, 823, 825, 824, 805, 806, 809, 807, 808, 810, 811, 812, 813, 814, 816, 815, 316, 315, 306, 307, 314, 312, 308, 303, 302, 300, 294, 293, 292, 291, 288, 284, 283, 282, 279, 278, 277, 276, 268, 267, 271, 269, 270, 272, 273, 274, 275, 388, 389, 390, 391, 392, 393, 394, 395, 396, 387, 405, 381, 380, 379, 375, 374, 372, 370, 369, 364, 363, 362, 357, 355, 354, 348, 344, 345, 346, 343, 341, 339, 338, 329, 328, 327, 326, 325, 320, 319, 301, 304, 318, 305, 317, 352, 353, 351, 349, 350, 322, 321, 323, 324, 331, 330, 333, 332, 334, 335, 336, 337, 340, 342, 800, 795, 794, 793, 792, 791, 790, 789, 788, 787, 782, 781, 783, 780, 779, 778, 774, 773, 772, 771, 770, 769, 767, 766, 765, 764, 763, 762, 761, 760, 759, 754, 753, 755, 752, 751, 750, 749, 732, 731, 730, 729, 733, 734, 735, 577, 576, 574, 573, 572, 571, 567, 566, 565, 562, 561, 556, 555, 459, 460, 462, 461, 463, 422, 421, 420, 419, 412, 410, 409, 408, 407, 406, 570, 569, 568, 588, 584, 583, 582, 580, 579, 578, 581, 697, 698, 699, 700, 722, 723, 724, 727, 726, 725, 728, 738, 739, 740, 743, 741, 742, 744, 745, 746, 747, 748, 537, 536, 535, 541, 540, 538, 533, 534, 532, 531, 524, 523, 522, 521, 520, 516, 514, 515, 503, 502, 496, 495, 497, 501, 499, 498, 506, 508, 507, 509, 510, 505, 512, 511, 513, 504, 500, 517, 519, 518, 482, 481, 479, 474, 475, 471, 470, 465, 472, 473, 469, 466, 464, 494, 492, 490, 491, 493, 359, 358, 365, 366, 368, 367, 489, 488, 487, 486, 484, 483, 411, 485, 467, 468, 477, 476, 549, 529, 528, 530, 526, 525, 478, 480, 527, 539, 548, 550, 551, 552, 564, 563, 542, 543, 546, 545, 544, 737, 736, 547, 585, 586, 587, 589, 590, 696, 695, 694, 686, 685, 684, 683, 682, 670, 607, 608, 605, 604, 602, 601, 600, 437, 435, 433, 434, 432, 431, 430, 429, 427, 401, 400, 402, 399, 398, 397, 428, 436, 614, 615, 613, 616, 617, 623, 619, 618, 612, 611, 610, 609, 620, 632, 633, 634, 668, 642, 641, 643, 640, 639, 638, 637, 636, 635, 630, 629, 628, 626, 627, 625, 621, 622, 624, 631, 667, 663, 664, 657, 656, 654, 658, 653, 652, 651, 649, 650, 645, 646, 644, 660, 659, 662, 661, 647, 648, 655, 665, 666, 669, 438, 439, 441, 440, 426, 425, 424, 418, 413, 414, 415, 416, 417, 423, 443, 442, 444, 599, 445, 450, 451, 455, 456, 457, 449, 448, 446, 447, 458, 597, 596, 595, 593, 591, 592, 594, 452, 453, 454, 558, 557, 559, 560, 598, 603, 606, 687, 688, 689, 681, 680, 679, 675, 672, 671, 673, 674, 676, 678, 677, 715, 714, 713, 712, 711, 710, 709, 708, 719, 720, 721, 707, 706, 705, 701, 690, 691, 692, 702, 704, 703, 716, 717, 718, 693, 553, 554, 575, 756, 757, 758, 776, 777, 768, 775, 784, 785, 786, 797, 796, 804, 803, 802, 801, 798, 799, 347, 356, 360, 361, 371, 376, 377, 378, 382, 383, 385, 384, 373, 280, 281, 386, 403, 404, 289, 290, 285, 287, 286, 311, 309, 247, 248, 310, 295, 296, 298, 297, 299, 313, 833, 832, 826, 831, 829, 828, 827, 940, 939, 935, 934, 936, 937, 938, 837, 830, 839, 240, 241, 243, 245, 244, 242, 844, 843, 841, 842, 851, 850, 849, 924, 864, 865, 222, 231, 232, 223, 233, 195, 196, 197, 194, 193, 198, 203, 202, 201, 204, 189, 187, 186, 185, 183, 182, 181, 180, 179, 178, 177, 176, 175, 170, 169, 171, 168, 167, 166, 163, 162, 161, 160, 158, 157, 155, 154, 153, 152, 151, 150, 149, 148, 147, 142, 141, 143, 140, 139, 138, 137, 884, 886, 885, 883, 882, 109, 108, 110, 112, 111, 113, 131, 135, 134, 132, 133, 130, 129, 127, 128, 120, 117, 115, 114, 119, 116, 118, 123, 124, 125, 126, 7, 8, 121, 122, 136, 887, 888, 889, 144, 145, 146, 164, 165, 156, 159, 172, 173, 174, 188, 184, 192, 191, 190, 264, 263, 266, 265, 107, 31, 1053, 1050, 1051, 1059, 0]
Elapsed Time: 106.80024194717407 seconds

----------------------------------------
