---------- Dataset: ./data/pr136.tsp - Number of vertices: 136 ----------
Branch and Bound:
Cost: 269662.9543924187
Solution: [  0 135 134 133 132 131 130 129 128 127 126 125 124 123 122 121 120 119
 118 117 116 115 114 113 112 111 110 109 108 107 106 105 104 103 102 101
 100  99  98  97  96  95  94  93  92  91  90  89  88  87  86  85  84  83
  82  81  80  79  78  77  76  75  74  73  72  71  70  69  68  67  66  65
  64  63  62  61  60  59  58  57  56  55  54  53  52  51  50  49  48  47
  46  45  44  43  42  41  40  39  38  37  36  35  34  33  32  31  30  29
  28  27  26  25  24  23  22  21  20  19  18  17  16  15  14  13  12   3
  11  10   2   9   8   1   7   6   5   4   0]
Elapsed Time: 1800.0062789916992 seconds

Twice Around the Tree:
Cost: 147506.8593562651
Solution: [0, 5, 4, 17, 6, 7, 1, 15, 14, 8, 9, 2, 10, 11, 3, 12, 21, 33, 13, 20, 32, 23, 22, 24, 25, 35, 43, 42, 48, 44, 45, 34, 46, 55, 67, 47, 54, 66, 57, 56, 58, 59, 69, 77, 76, 87, 78, 79, 68, 80, 89, 101, 81, 88, 100, 91, 90, 92, 93, 103, 111, 110, 121, 112, 113, 102, 114, 123, 132, 115, 122, 133, 125, 124, 126, 127, 19, 31, 16, 18, 30, 27, 26, 28, 29, 37, 39, 38, 51, 40, 41, 36, 49, 53, 65, 50, 52, 64, 61, 60, 62, 63, 71, 73, 72, 84, 74, 75, 70, 82, 86, 99, 83, 85, 98, 95, 94, 96, 97, 105, 107, 106, 118, 108, 109, 104, 116, 120, 134, 117, 119, 135, 129, 128, 130, 131, 0]
Elapsed Time: 0.3895423412322998 seconds

Christofides:
Cost: 118494.1985272975
Solution: [0, 5, 4, 17, 29, 28, 30, 18, 16, 27, 26, 31, 19, 15, 1, 7, 6, 14, 8, 9, 2, 10, 11, 3, 12, 21, 33, 22, 23, 32, 20, 13, 24, 25, 35, 43, 42, 48, 59, 58, 66, 54, 47, 57, 56, 67, 55, 46, 34, 45, 44, 69, 77, 76, 87, 93, 92, 100, 88, 81, 91, 90, 101, 89, 80, 68, 79, 78, 103, 111, 110, 121, 127, 126, 133, 122, 115, 125, 124, 132, 123, 114, 102, 113, 112, 135, 119, 117, 105, 98, 85, 83, 71, 64, 52, 50, 37, 39, 38, 51, 63, 62, 40, 41, 36, 49, 53, 65, 60, 61, 73, 72, 84, 97, 96, 74, 75, 70, 82, 86, 99, 94, 95, 107, 106, 118, 131, 130, 108, 109, 104, 116, 120, 134, 128, 129, 0]
Elapsed Time: 0.3629629611968994 seconds

----------------------------------------
